60
0
100
100
0 0 0 0 0 0 0 0 0 0 51 157 285 415 510 510 510 510 510 510 663 898 1289 1730 2179 2423 2904 3405 3538 3796 4205 4495 4772 5194 5723 6231 6659 7197 7708 8064 8464 8832 9124 9396 9638 9816 9624 9431 9475 9649 9816 9514 9385 9427 9358 9396 9405 8965 8169 7450 7243 6924 6439 5886 5295 4783 4571 4477 4265 3982 3598 3395 3254 3146 2851 2489 1941 1572 1454 1228 920 775 669 580 510 510 510 510 490 385 281 222 113 3 0 0 0 0 0 0 
0 0 0 0 0 15 80 146 169 260 353 395 442 516 609 833 1199 1466 1733 2071 2545 2862 3124 3584 4160 4735 5204 5675 5950 6229 6576 6879 7373 7967 8493 8976 9415 9857 10263 10664 11029 11300 11546 11753 11900 11983 12049 12126 12091 12139 12303 12372 12273 12040 11865 11724 11604 11322 10933 10485 10206 9998 9815 9551 9157 8681 8311 7874 7293 6746 6418 6185 5912 5680 5318 4712 3929 3420 3147 2947 2674 2525 2125 1608 1293 1086 894 751 679 602 532 469 390 296 165 33 0 0 0 0 
0 0 0 14 38 75 165 300 369 447 585 726 901 1115 1386 1733 2167 2514 2950 3456 4056 4540 4928 5384 5874 6491 6895 7429 7982 8462 8818 9116 9593 10106 10532 10919 11307 11718 12056 12375 12671 12932 13192 13407 13596 13719 13899 14036 13987 13985 14101 14304 14254 13954 13644 13373 13214 13048 12892 12678 12481 12379 12351 12253 11943 11499 11155 10687 10028 9398 8916 8485 8071 7750 7298 6645 5903 5405 4993 4644 4266 3963 3453 2902 2419 1927 1571 1388 1160 915 772 670 595 513 343 172 87 33 0 0 
0 0 0 55 144 229 272 408 543 599 890 1279 1772 2223 2721 3125 3409 3717 4105 4627 5139 5848 6600 7009 7248 7611 7927 8517 9296 9995 10453 10837 11147 11472 11813 12108 12407 12754 12954 13075 13279 13506 13780 14036 14345 14585 14663 14663 14663 14682 14717 14750 14736 14661 14357 14107 13982 13838 13725 13691 13654 13586 13392 13209 12913 12608 12500 12395 12096 11702 11031 10299 9693 9311 8868 8461 8112 7806 7271 6691 6062 5413 4801 4365 3800 3121 2730 2548 1972 1304 950 807 745 705 603 513 320 116 0 0 
0 47 94 157 237 396 491 577 759 1094 1636 2148 2818 3218 3459 3837 4300 4753 5284 5951 6461 6913 7363 7771 8375 9200 9898 10345 10666 10990 11345 11749 12156 12587 12967 13226 13437 13649 13816 13961 14130 14357 14615 14760 14857 14918 14932 14932 14932 14932 14932 14932 14932 14929 14871 14809 14662 14507 14325 14231 14138 14030 13844 13666 13477 13333 13274 13240 13116 12944 12521 11938 11221 10667 10165 9813 9504 8961 8331 7963 7576 7176 6807 6243 5627 5089 4572 3924 3075 2363 1831 1524 1456 1246 882 649 468 263 117 59 
0 107 216 380 542 681 742 1029 1449 1997 2450 2886 3442 3791 4129 4723 5518 6131 6703 7194 7588 7809 8157 8826 9701 10559 11315 11708 11823 11970 12393 12852 13210 13486 13737 13998 14204 14346 14470 14628 14745 14868 14985 15034 15045 15045 15045 15045 15045 15045 15045 15045 15045 15045 15045 15041 14990 14930 14795 14715 14654 14532 14378 14137 13841 13617 13540 13537 13471 13355 13121 12795 12291 11700 11261 10961 10666 10168 9747 9529 9265 9056 8748 8160 7550 6982 6268 5215 4249 3640 2941 2329 2133 1786 1347 987 750 517 323 162 
0 107 219 455 694 807 881 1473 2226 3078 3473 3728 4115 4626 5236 5791 6394 6962 7470 7913 8449 9071 9836 10529 11120 11464 11824 12219 12534 12772 13166 13533 13772 13918 14043 14230 14454 14600 14727 14891 15006 15045 15045 15045 15045 15045 15045 15045 15045 15045 15045 15045 15045 15045 15045 15056 15128 15183 15142 15059 15033 14909 14712 14449 14181 13970 13868 13830 13725 13571 13404 13219 12916 12398 12068 11828 11428 11016 10783 10602 10316 10154 9906 9474 8902 8305 7544 6574 5833 5238 4396 3545 2920 2369 2007 1647 1182 687 360 177 
69 196 328 551 965 1340 1808 2447 3036 3572 4045 4475 4894 5506 6133 6547 7045 7632 8270 8874 9575 10229 11012 11542 11914 12078 12388 12829 13207 13512 13678 13839 13980 14122 14296 14498 14716 14885 14993 15025 15043 15045 15045 15045 15045 15045 15045 15045 15045 15045 15045 15045 15045 15045 15045 15057 15137 15212 15269 15238 15130 14956 14816 14671 14548 14388 14208 14111 14023 13893 13738 13546 13270 12780 12332 12078 11822 11554 11283 11070 10751 10518 10334 10013 9537 9159 8703 8057 7410 6686 5770 4816 3919 3080 2606 2257 1714 996 468 223 
224 475 726 1003 1620 2367 3046 3326 3541 3804 4370 5117 5694 6197 6852 7497 8141 8772 9510 10215 10876 11348 11916 12410 12701 12920 13215 13523 13718 13968 14108 14162 14205 14357 14619 14863 14987 15070 15096 15096 15096 15096 15096 15096 15096 15096 15096 15096 15096 15086 15071 15055 15045 15045 15045 15057 15137 15215 15294 15278 15148 14970 14895 14828 14722 14569 14468 14406 14317 14245 14173 13923 13518 12930 12458 12191 12048 11901 11592 11360 11147 10903 10618 10220 9797 9557 9327 8919 8279 7553 6689 5850 4899 4014 3252 2694 2098 1494 1010 513 
260 696 1138 1582 2200 2967 3645 3880 4104 4354 4831 5612 6431 7049 7745 8456 9193 9890 10663 11336 11867 12258 12563 12941 13339 13679 13814 14025 14258 14480 14582 14605 14672 14851 15105 15253 15261 15261 15261 15261 15261 15261 15261 15261 15261 15261 15261 15261 15261 15220 15154 15087 15045 15045 15045 15057 15137 15215 15294 15278 15148 15016 14988 14955 14802 14618 14535 14505 14414 14341 14267 14058 13787 13361 12907 12537 12277 12039 11713 11497 11339 11195 10984 10518 10019 9798 9561 9179 8592 8021 7350 6711 5823 5035 4100 3308 2559 1904 1375 704 
458 919 1398 1859 2468 3199 3881 4248 4698 5136 5630 6391 7276 8096 8754 9390 9975 10690 11458 12154 12686 13145 13370 13639 13970 14196 14250 14389 14602 14725 14790 14833 14986 15160 15270 15300 15300 15300 15300 15300 15300 15300 15300 15300 15300 15300 15300 15300 15300 15276 15236 15196 15172 15172 15172 15178 15218 15257 15297 15278 15148 15045 15045 15035 14871 14676 14581 14563 14544 14486 14334 14159 14022 13719 13238 12808 12522 12297 12025 11848 11642 11491 11345 10987 10532 10218 9793 9303 8783 8327 7803 7270 6551 5931 5121 4143 3225 2419 1774 905 
754 1233 1737 2376 3081 3772 4276 4635 5320 6138 6724 7364 8083 8902 9654 10405 10969 11622 12165 12726 13176 13679 14068 14285 14481 14620 14680 14712 14759 14777 14790 14838 15004 15182 15279 15300 15300 15300 15300 15300 15300 15300 15300 15300 15300 15300 15300 15300 15300 15300 15300 15300 15300 15300 15300 15300 15300 15300 15300 15291 15238 15195 15195 15192 15074 14925 14850 14761 14621 14521 14474 14419 14363 14111 13711 13316 13066 12811 12597 12450 12169 11981 11784 11488 11122 10741 10219 9673 9186 8789 8365 7882 7248 6646 5720 4630 3678 2870 2099 1068 
1111 1747 2375 3106 3797 4326 4842 5271 5873 6745 7617 8400 9009 9662 10398 11127 11786 12249 12632 13160 13723 14105 14414 14546 14649 14700 14706 14698 14698 14713 14751 14811 14943 15095 15188 15208 15208 15208 15208 15208 15208 15208 15208 15208 15208 15208 15208 15208 15208 15208 15208 15208 15208 15208 15208 15208 15208 15208 15208 15208 15208 15208 15212 15250 15197 15084 15020 14899 14718 14581 14499 14433 14384 14230 13917 13631 13391 13141 12855 12651 12419 12313 12134 11771 11401 11139 10745 10195 9660 9291 8950 8647 8159 7378 6138 4874 3942 3176 2304 1170 
1455 2132 2786 3552 4250 4770 5454 6173 6735 7372 8175 9052 9759 10418 11123 11848 12439 12744 13131 13613 14144 14404 14611 14697 14707 14635 14553 14535 14510 14537 14711 14844 14896 14927 14956 14962 14962 14962 14960 14926 14904 14904 14895 14842 14744 14673 14662 14662 14662 14656 14600 14544 14537 14537 14537 14542 14588 14629 14629 14629 14629 14686 14751 14902 14944 14863 14820 14733 14626 14501 14392 14337 14301 14211 13912 13650 13454 13367 13172 12941 12714 12615 12453 12098 11804 11685 11396 10884 10344 9910 9488 9117 8672 7956 6820 5661 4694 3834 2720 1381 
1570 2403 3208 3922 4634 5324 6102 6922 7652 8225 8833 9716 10609 11266 11837 12472 12972 13310 13619 13880 14217 14416 14465 14408 14339 14349 14350 14348 14243 14185 14269 14287 14265 14220 14188 14121 14061 14021 14003 13857 13765 13765 13812 13754 13456 13197 13150 13137 13093 13052 13000 12968 13005 13059 13099 13137 13189 13210 13195 13160 13201 13378 13532 13824 13956 13911 13951 13951 13874 13806 14072 14307 14253 14047 13821 13559 13361 13312 13254 13112 12903 12751 12560 12275 12006 11910 11668 11285 10829 10357 9991 9658 9144 8582 7634 6522 5529 4619 3264 1654 
1706 2577 3418 4130 4935 5786 6641 7436 8180 8813 9391 10181 11197 11942 12468 12850 13211 13691 14045 14115 14230 14458 14435 14167 13891 13776 13689 13643 13636 13648 13677 13595 13467 13228 12955 12757 12615 12410 12234 11973 11777 11663 11749 11795 11554 11293 11293 11295 11090 10892 10844 10958 11103 11261 11434 11612 11613 11592 11634 11639 11757 12007 12294 12728 13068 13150 13130 13144 13253 13414 13849 14211 14138 13881 13692 13450 13216 13133 13124 13077 12988 12982 12868 12553 12227 12067 11802 11486 11123 10741 10464 10326 9897 9339 8429 7239 6024 5007 3405 1708 
1988 2910 3812 4699 5643 6584 7370 8003 8595 9297 9874 10563 11555 12380 12888 13218 13471 13830 14200 14278 14189 14245 14143 13874 13572 13369 13183 12994 12915 12829 12866 12824 12678 12256 11775 11572 11307 10978 10596 10197 9864 9593 9541 9436 9257 9106 9113 9190 9085 8958 8687 8700 8835 8929 9105 9312 9305 9360 9443 9571 9687 9908 10277 10987 11759 12204 12307 12327 12582 13045 13403 13698 13791 13801 13663 13395 13083 12955 12986 13017 13005 13099 13156 12951 12676 12420 12074 11710 11397 11044 10764 10619 10260 9757 8856 7701 6438 5295 3525 1762 
2263 3371 4490 5685 6689 7532 8088 8547 9054 9898 10670 11268 11831 12512 13054 13418 13633 13913 14289 14396 14208 14074 13836 13613 13380 13188 13085 12827 12506 12269 12259 12179 11987 11574 11061 10730 10256 9787 9242 8782 8444 8232 8154 7865 7484 7168 7182 7228 7130 7182 7170 7338 7536 7627 7705 7760 7697 7741 7753 7799 7870 8150 8541 9316 10154 10895 11503 11932 12463 13063 13319 13540 13755 13928 13769 13474 13340 13309 13239 13161 13142 13189 13236 13050 12805 12555 12224 11809 11450 11094 10845 10666 10374 9932 9069 8002 6900 5744 3815 1903 
2408 3693 4988 6312 7268 8049 8525 8941 9600 10577 11362 11784 12068 12621 13162 13545 13757 13991 14328 14396 14117 13865 13671 13496 13182 13001 12975 12788 12487 12265 12184 11894 11423 10813 10268 9884 9415 8758 8095 7605 7289 7099 6772 6192 5849 5598 5640 5525 5202 5056 5202 5441 5716 5881 6032 6117 6048 5926 5881 5961 6174 6618 7150 7855 8564 9304 10154 10842 11619 12451 13008 13328 13543 13753 13654 13404 13386 13432 13445 13421 13351 13279 13260 13117 12942 12728 12360 11899 11537 11232 11020 10810 10486 10103 9399 8472 7362 6206 4317 2188 
2766 4232 5684 7033 7860 8521 8940 9257 9914 10843 11494 11899 12257 12828 13337 13698 13912 14110 14374 14384 14026 13665 13509 13413 12996 12677 12647 12581 12398 12201 12016 11611 10932 10127 9495 8926 8287 7468 6876 6537 6292 5896 5324 4754 4519 4261 4160 4115 3904 3700 3734 3830 4046 4282 4469 4545 4496 4392 4351 4575 5035 5495 5849 6433 7130 7870 8628 9347 10518 11719 12496 12797 12949 13250 13448 13477 13481 13464 13490 13515 13443 13358 13308 13150 12953 12723 12379 11979 11680 11426 11214 10949 10558 10203 9584 8716 7754 6790 4868 2474 
3160 4725 6241 7427 8221 8898 9382 9618 10128 10914 11558 12095 12612 13169 13534 13822 14040 14191 14333 14329 14026 13656 13468 13315 12889 12625 12550 12469 12237 11891 11510 11076 10381 9537 8849 8091 7265 6443 5960 5554 5129 4695 4255 3830 3596 3287 3107 3084 2865 2668 2606 2625 2829 3113 3275 3323 3432 3567 3627 3894 4385 4824 5112 5577 6092 6806 7712 8660 9860 10970 11782 12274 12700 13187 13490 13616 13617 13578 13592 13617 13617 13580 13453 13180 12924 12688 12410 12073 11753 11445 11221 10953 10559 10173 9621 8929 8193 7347 5244 2658 
3658 5095 6482 7509 8344 9109 9814 10142 10510 11119 11712 12212 12714 13278 13606 13902 14170 14292 14252 14164 13926 13586 13330 13196 12976 12851 12632 12370 12033 11556 11034 10494 9828 8878 7982 7252 6509 5691 5104 4534 3951 3574 3469 3298 3056 2785 2664 2499 2126 1898 1957 2060 2282 2529 2664 2827 3035 3338 3683 3967 4145 4353 4680 5230 5724 6255 7076 8096 9234 10332 11213 11872 12462 13101 13516 13748 13749 13709 13721 13745 13748 13667 13494 13180 12924 12688 12410 12073 11753 11445 11221 10955 10590 10237 9807 9144 8397 7458 5270 2661 
4460 5627 6746 7580 8381 9079 9863 10339 10668 11212 11868 12395 12852 13386 13710 13968 14200 14313 14239 14072 13728 13415 13274 13183 12976 12789 12538 12273 11921 11337 10574 9797 9087 8115 7205 6616 5937 5087 4440 3968 3480 3128 3029 2869 2559 2248 2188 2118 1927 1808 1913 2091 2370 2619 2664 2833 3036 3193 3436 3737 3976 4255 4654 5199 5686 6188 6770 7523 8660 9907 10844 11570 12010 12610 13186 13505 13553 13542 13515 13617 13737 13720 13521 13155 12881 12658 12360 12010 11722 11436 11203 10941 10626 10332 9942 9173 8295 7269 5183 2618 
5082 6008 6888 7600 8425 9173 9930 10372 10712 11243 11919 12473 12942 13499 13856 14049 14218 14313 14202 13988 13636 13335 13219 13076 12890 12800 12566 12158 11548 10748 9889 9179 8577 7815 6934 6127 5333 4619 4121 3737 3204 2789 2693 2660 2382 1997 1882 1825 1833 1879 2024 2187 2485 2779 2807 2803 2903 2989 3279 3638 3993 4374 4807 5256 5665 6173 6638 7223 8279 9559 10456 11170 11562 12217 12748 13010 13195 13322 13343 13461 13601 13609 13488 13186 12887 12613 12251 11877 11675 11432 11157 10888 10594 10353 9972 9220 8389 7322 5175 2606 
5405 6292 7136 7854 8608 9291 10008 10474 10873 11356 11970 12473 12942 13465 13777 13989 14203 14313 14127 13820 13567 13335 13194 13001 12878 12898 12624 11998 11007 10058 9356 8810 8287 7540 6600 5685 4837 4128 3535 3085 2572 2267 2277 2373 2138 1775 1713 1727 1828 2006 2254 2399 2624 2884 2941 2887 3012 3215 3578 3900 4290 4733 5169 5488 5739 6173 6672 7223 8175 9375 10224 10913 11352 12060 12563 12795 13001 13178 13220 13271 13347 13291 13310 13174 12942 12702 12353 11941 11716 11450 11141 10858 10560 10333 9928 9159 8370 7322 5153 2590 
5928 6648 7357 8019 8631 9269 9965 10387 10846 11383 11982 12473 12942 13405 13638 13884 14177 14313 14127 13820 13592 13424 13293 13036 12802 12658 12167 11461 10579 9798 9154 8572 8013 7128 6087 5252 4660 4103 3379 2776 2311 2081 2111 2206 1940 1576 1607 1780 1961 2244 2519 2654 2826 2953 2959 2997 3150 3343 3618 3902 4371 4963 5518 5889 6090 6370 6834 7410 8467 9708 10419 10928 11311 12021 12551 12749 12862 12994 13036 13140 13309 13291 13310 13180 12995 12802 12473 12014 11743 11450 11107 10759 10372 10110 9679 8926 8184 7290 5224 2641 
6160 6773 7406 8106 8697 9281 9990 10413 10904 11460 12000 12478 12942 13405 13637 13883 14177 14313 14127 13820 13618 13471 13306 12974 12605 12338 11695 11033 10417 9729 8954 8245 7694 6876 5917 5126 4491 3942 3332 2807 2326 2073 2143 2258 2085 1855 1975 2210 2420 2640 2800 2893 3071 3192 3192 3211 3251 3341 3626 4033 4567 5192 5752 6109 6325 6619 7137 7775 8810 9940 10584 11023 11380 12025 12553 12749 12862 12994 12985 13026 13215 13258 13308 13180 12975 12753 12372 11873 11553 11285 10993 10673 10182 9785 9309 8698 8104 7355 5345 2717 
6386 6907 7451 8081 8663 9258 9977 10406 10984 11616 12131 12590 13045 13474 13675 13913 14177 14276 14103 13820 13618 13401 13166 12817 12274 11819 11330 10939 10484 9760 8914 8072 7471 6661 5798 5121 4488 3900 3422 3009 2594 2349 2450 2616 2600 2508 2586 2755 2993 3113 3149 3131 3228 3334 3358 3366 3366 3428 3709 4173 4735 5283 5717 6073 6378 6887 7653 8449 9316 10182 10732 11137 11483 12014 12466 12659 12803 12914 12810 12831 13049 13168 13254 13078 12768 12483 12080 11668 11371 11106 10862 10606 10114 9637 9036 8398 7854 7173 5218 2653 
6527 6922 7327 7901 8558 9195 9907 10284 10880 11534 12134 12667 13153 13611 13834 14040 14178 14121 14001 13820 13618 13473 13284 12883 12316 11848 11396 11030 10560 9848 9034 8316 7659 6827 5962 5393 4785 4087 3561 3230 2979 2863 3065 3283 3342 3221 3105 3034 3208 3315 3355 3300 3293 3392 3486 3535 3571 3702 4024 4399 4824 5312 5762 6317 6885 7473 8105 8737 9532 10333 10847 11211 11520 11961 12355 12557 12672 12691 12623 12870 13177 13293 13281 12989 12590 12228 11812 11453 11225 10956 10656 10397 9936 9460 8822 8138 7559 6849 5002 2544 
6332 6830 7302 7841 8447 9039 9808 10243 10743 11205 11837 12489 13040 13518 13804 14002 14058 13998 13958 13820 13618 13513 13328 12864 12393 12048 11648 11244 10653 9867 9084 8460 7886 7241 6421 5810 5222 4450 3902 3613 3400 3322 3508 3677 3670 3508 3289 3144 3259 3350 3477 3555 3505 3510 3580 3640 3731 3966 4397 4753 5148 5646 6118 6779 7473 8041 8334 8655 9463 10448 11137 11457 11678 12013 12292 12407 12591 12754 12727 12918 13134 13152 13074 12767 12400 12073 11697 11378 11160 10866 10419 9995 9511 9133 8651 8025 7378 6560 4760 2422 
6171 6723 7247 7725 8294 8851 9623 10058 10567 11036 11685 12330 12849 13321 13709 13947 13964 13906 13896 13785 13572 13380 13246 12971 12615 12340 12035 11563 10910 10199 9523 8796 8133 7452 6597 5975 5636 5228 4951 4691 4415 4231 4164 4115 3932 3694 3432 3311 3429 3518 3645 3802 3849 3844 3868 3900 3994 4278 4784 5190 5707 6393 6991 7494 7885 8286 8581 8913 9685 10613 11307 11622 11836 12145 12387 12462 12656 12846 12791 12910 12989 12844 12721 12443 12169 11948 11650 11375 11133 10746 10147 9584 9158 8894 8493 7858 7241 6404 4601 2342 
5986 6590 7167 7576 8119 8665 9440 9880 10435 10985 11613 12177 12677 13235 13690 13947 13964 13852 13754 13609 13444 13298 13195 12995 12762 12657 12459 12041 11499 10924 10177 9359 8643 7935 7067 6361 6115 5987 5900 5607 5253 4950 4664 4441 4194 4067 3862 3735 3860 3968 4010 4074 4139 4180 4219 4322 4460 4673 5202 5821 6456 7109 7666 7994 8200 8582 9104 9584 10184 10793 11265 11616 11924 12330 12691 12796 12909 12882 12675 12664 12735 12649 12619 12394 12136 11933 11639 11319 10869 10213 9642 9211 8919 8680 8216 7498 6929 6227 4526 2303 
5803 6471 7111 7493 7957 8446 9118 9632 10319 10911 11406 11897 12527 13134 13571 13815 13832 13725 13650 13491 13372 13354 13243 13060 12894 12793 12660 12472 12086 11527 10770 10043 9364 8649 7831 7166 6851 6628 6496 6265 5994 5748 5632 5476 5225 4965 4584 4295 4433 4616 4610 4600 4665 4685 4705 4899 5136 5359 5912 6623 7237 7607 7859 8162 8444 8903 9521 10111 10680 11170 11502 11867 12165 12406 12643 12732 12802 12761 12525 12461 12478 12404 12397 12168 11961 11765 11403 10972 10477 9808 9305 8873 8458 8120 7696 7076 6436 5706 4107 2093 
5631 6336 7029 7443 7837 8354 8904 9372 10092 10785 11282 11758 12364 12924 13348 13615 13678 13614 13578 13465 13419 13468 13350 13196 13086 12860 12645 12582 12377 11906 11298 10671 10106 9408 8545 7775 7362 7136 7025 6810 6536 6241 6163 6048 5858 5533 5209 4926 4876 4884 4994 5134 5194 5226 5258 5401 5635 5844 6388 6969 7480 7796 7980 8314 8760 9453 10185 10828 11364 11788 12004 12241 12383 12488 12625 12672 12685 12647 12457 12450 12428 12355 12360 12102 11827 11463 10885 10270 9943 9487 8920 8385 7868 7484 7128 6690 6082 5279 3663 1852 
4984 5899 6805 7405 7757 8213 8635 9111 9960 10842 11370 11762 12208 12665 13073 13382 13571 13514 13384 13219 13196 13323 13330 13277 13305 13127 12857 12633 12462 12193 11734 11190 10747 10225 9509 8743 8097 7622 7404 7200 6952 6675 6499 6345 6264 6099 6078 6019 5735 5442 5320 5352 5357 5492 5717 5898 6258 6528 6962 7418 7899 8260 8440 8718 9214 10047 10805 11435 11777 12105 12422 12693 12785 12781 12823 12887 12964 12829 12443 12251 12237 12231 12235 11896 11552 11168 10624 9980 9621 9179 8639 8161 7642 7212 6769 6261 5623 4747 3201 1597 
4043 5178 6306 7062 7498 7961 8305 8763 9664 10646 11240 11552 11855 12196 12607 13053 13466 13438 13309 13213 13204 13288 13320 13362 13425 13261 13023 12832 12747 12629 12298 11886 11383 10880 10324 9689 9050 8438 8102 7814 7503 7254 7056 6897 6749 6555 6651 6750 6513 6294 6270 6344 6329 6344 6468 6690 7009 7412 7855 8224 8634 9060 9373 9662 10212 10971 11504 11873 12070 12327 12672 12865 12795 12741 12787 12836 12827 12666 12407 12274 12246 12219 12170 11659 11167 10802 10388 9806 9344 8879 8391 7998 7425 7012 6578 6088 5362 4399 2905 1448 
3662 4751 5832 6650 7271 7828 8134 8473 9208 10023 10629 10935 11290 11710 12317 12919 13381 13455 13438 13447 13435 13332 13271 13332 13358 13272 13230 13308 13315 13213 12980 12708 12273 11771 11245 10669 9958 9219 8788 8554 8274 8108 7932 7797 7536 7225 7188 7294 7334 7344 7297 7182 7116 7102 7197 7537 7802 8164 8608 8985 9504 10020 10422 10736 11147 11587 11928 12239 12469 12660 12849 12916 12785 12797 12855 12850 12670 12433 12290 12330 12391 12238 12024 11490 10936 10512 10082 9510 9016 8534 8142 7862 7305 6809 6292 5694 4896 3894 2601 1307 
3123 4252 5378 6267 6931 7536 7877 8193 8761 9375 9915 10381 10970 11565 12307 12896 13286 13488 13570 13525 13451 13317 13260 13328 13440 13489 13403 13407 13445 13449 13280 13065 12862 12522 12099 11659 11048 10175 9510 9182 8957 8717 8520 8433 8268 8014 7904 7965 8077 8218 8193 8008 7963 8083 8231 8586 8872 9101 9483 9844 10353 10901 11438 11963 12332 12543 12729 12830 12829 12813 12884 12934 12831 12773 12726 12699 12556 12363 12253 12252 12369 12080 11561 11077 10673 10324 9915 9357 8806 8259 7829 7540 6992 6355 5722 5031 4232 3234 2173 1099 
2765 3917 5064 5880 6358 6820 7282 7780 8300 8799 9302 9985 10844 11530 12239 12760 13112 13293 13475 13600 13493 13374 13360 13385 13467 13515 13466 13481 13634 13820 13641 13323 13087 12804 12508 12175 11811 11218 10612 10293 10005 9609 9244 9074 8961 8835 8885 9002 8920 8987 9211 9326 9325 9451 9634 9852 9990 10150 10344 10536 10933 11532 12158 12753 13070 13249 13272 13294 13200 13009 12888 12823 12771 12703 12683 12700 12607 12525 12467 12404 12409 12001 11292 10804 10513 10187 9688 9037 8474 8079 7715 7361 6756 5986 5311 4578 3781 2762 1777 897 
2381 3312 4234 4996 5654 6239 6791 7333 7792 8190 8736 9622 10616 11335 12055 12646 13021 13072 13074 13356 13651 13726 13624 13518 13509 13515 13515 13581 13742 13950 13876 13719 13603 13448 13223 12910 12652 12410 12053 11591 11053 10687 10376 10175 10135 10193 10367 10511 10397 10253 10325 10576 10721 10911 11079 11094 11038 11118 11238 11416 11811 12342 12875 13304 13436 13516 13439 13413 13377 13242 13085 12931 12872 12910 13040 13139 13049 12936 12681 12324 11945 11478 10965 10594 10263 9802 9180 8564 8090 7778 7422 6958 6284 5610 4952 4279 3551 2523 1507 759 
1584 2299 2992 3897 4887 5690 6183 6664 7088 7578 8320 9313 10193 10747 11427 12182 12751 12989 13128 13278 13492 13726 13688 13639 13639 13554 13515 13581 13691 13811 13882 13985 14024 13976 13838 13684 13559 13521 13275 12781 12147 11774 11484 11414 11479 11638 11692 11703 11600 11458 11346 11426 11603 11773 11923 11895 11903 12066 12347 12521 12787 12982 13168 13385 13523 13660 13663 13605 13600 13607 13519 13256 13172 13260 13276 13223 13129 13045 12799 12347 11815 11407 11017 10562 10047 9533 8985 8364 7838 7508 7082 6541 5802 5084 4393 3846 3307 2479 1507 759 
946 1826 2654 3556 4410 5053 5402 5915 6486 7169 7949 8755 9355 9935 10710 11583 12247 12728 13089 13310 13460 13592 13628 13690 13722 13649 13594 13577 13608 13676 13802 13977 14054 14007 13967 13975 13986 13947 13858 13715 13496 13223 12861 12594 12446 12433 12368 12348 12323 12315 12301 12100 11967 12009 12300 12555 12870 13147 13329 13371 13479 13592 13704 13863 13820 13847 13873 13843 13921 14005 13939 13748 13630 13587 13397 13156 13038 12934 12707 12391 12006 11599 11159 10518 9848 9344 8875 8238 7580 7129 6601 6144 5525 4860 4049 3383 2828 2174 1368 690 
501 1500 2421 3139 3805 4421 5062 5772 6360 6799 7452 8271 8939 9562 10267 11130 11864 12441 12897 13185 13343 13367 13437 13623 13763 13860 13865 13635 13555 13682 13881 14081 14261 14340 14358 14354 14285 14133 14036 14024 14013 13873 13691 13408 13151 13012 12944 12925 12910 12917 12905 12739 12600 12563 12724 12960 13271 13533 13731 13867 13934 14053 14216 14329 14094 14068 14194 14203 14280 14323 14184 14003 13820 13710 13482 13247 13166 13041 12831 12501 11994 11469 10899 10227 9608 9049 8458 8035 7558 6946 6260 5708 5141 4567 3846 3179 2526 1860 1163 589 
27 840 1606 2231 2874 3580 4620 5462 6121 6585 7235 7972 8573 9203 9777 10363 11030 11714 12298 12715 12963 13200 13475 13636 13746 13833 13758 13625 13601 13672 13875 14039 14257 14465 14535 14526 14427 14293 14206 14123 14053 13998 14048 13990 13851 13753 13649 13545 13440 13383 13312 13235 13240 13308 13386 13448 13646 14008 14270 14375 14459 14552 14638 14683 14526 14454 14479 14471 14488 14479 14289 13995 13708 13554 13335 13198 13226 13207 12996 12588 11902 11261 10662 10192 9681 8907 8174 7770 7465 6958 6273 5552 4864 4207 3575 3208 2643 1900 1139 577 
0 443 896 1529 2290 3013 3992 4793 5521 6156 6751 7270 7878 8736 9473 9895 10330 10973 11568 12060 12410 12808 13300 13631 13791 13784 13695 13700 13698 13733 13965 14141 14304 14476 14535 14533 14515 14498 14422 14264 14178 14171 14201 14163 14083 14033 13922 13808 13702 13617 13536 13461 13543 13690 13796 13899 14067 14352 14514 14535 14586 14645 14638 14607 14484 14358 14310 14289 14313 14303 14167 13927 13618 13416 13279 13204 13208 13176 12902 12521 11926 11263 10636 10175 9611 8799 8191 7870 7517 6874 6078 5280 4527 3965 3475 3165 2552 1829 1114 565 
0 256 563 1212 2027 2761 3566 4275 4878 5538 6122 6786 7501 8318 9080 9490 9800 10354 10972 11627 12121 12527 13001 13377 13617 13739 13819 13930 13935 13992 14135 14208 14373 14561 14634 14637 14637 14637 14595 14540 14606 14622 14501 14393 14360 14275 14192 14175 14163 14100 14037 13982 14066 14222 14376 14550 14605 14634 14663 14612 14569 14512 14389 14312 14264 14214 14182 14133 14041 13944 13976 13969 13861 13779 13610 13463 13352 13127 12693 12311 11880 11249 10648 10142 9567 8914 8304 7836 7305 6563 5714 4904 4155 3594 3084 2730 2244 1649 1039 513 
0 147 321 738 1435 2322 3128 3774 4466 5209 5742 6417 7135 7927 8461 8820 9198 9865 10601 11448 12094 12523 12878 13199 13510 13723 13852 14072 14254 14391 14575 14712 14696 14714 14773 14790 14790 14776 14793 14845 14893 14797 14688 14664 14570 14426 14409 14501 14535 14516 14494 14472 14475 14493 14583 14709 14754 14801 14843 14713 14500 14256 14081 13987 13989 14029 14046 14029 13978 13925 13955 13936 13924 13940 13799 13632 13484 12973 12224 11662 11341 10933 10516 10235 9899 9328 8432 7648 6945 6405 5614 4759 3931 3383 2858 2482 2068 1551 1015 496 
0 37 110 494 1093 1863 2611 3307 4042 4743 5338 6015 6710 7417 7880 8364 9004 9719 10269 10921 11642 12332 12792 13086 13342 13495 13703 13967 14261 14529 14762 14872 14809 14739 14745 14793 14840 14850 14832 14852 14800 14680 14655 14650 14613 14576 14526 14510 14509 14535 14535 14488 14441 14468 14578 14676 14734 14833 14865 14683 14465 14173 13954 13884 14004 14139 14182 14192 14195 14185 14085 13915 13819 13799 13729 13542 13224 12676 12030 11387 10949 10493 10144 9971 9787 9238 8301 7559 6863 6330 5702 4992 4095 3377 2837 2447 2013 1495 983 482 
0 85 181 523 1057 1625 2199 2906 3524 4112 4870 5628 6241 6966 7606 8274 8947 9481 9791 10158 10743 11482 12062 12490 12964 13482 13963 14279 14539 14729 14869 14893 14772 14610 14582 14664 14757 14834 14888 14920 14765 14548 14535 14535 14535 14535 14489 14506 14533 14539 14485 14458 14450 14569 14690 14716 14729 14777 14774 14598 14432 14193 13996 13938 14025 14073 14117 14188 14220 14224 14103 13984 13898 13810 13528 13155 12637 12133 11717 11161 10612 10153 9824 9493 9152 8720 8175 7631 6919 6187 5623 4987 4322 3690 3081 2479 1974 1441 983 492 
0 156 323 733 1270 1727 2139 2794 3439 3899 4447 5159 5761 6465 7102 7836 8519 9049 9468 9837 10289 10919 11642 12228 12773 13361 13986 14328 14464 14487 14570 14634 14533 14404 14382 14410 14498 14620 14589 14489 14400 14334 14331 14331 14331 14331 14331 14349 14279 14130 14020 14187 14328 14433 14526 14540 14401 14257 14163 14072 13903 13773 13772 13794 13876 13809 13736 13748 13806 13895 13949 13922 13750 13473 13035 12720 12503 12183 11752 11138 10479 9958 9487 9006 8526 8120 7765 7358 6885 6247 5602 4899 4305 3879 3351 2560 1937 1500 1149 579 
0 270 568 1056 1517 1803 2180 2740 3394 3964 4448 5024 5466 5962 6493 7264 8184 8949 9663 10078 10352 10764 11382 12032 12562 13072 13659 14075 14241 14266 14268 14286 14271 14268 14228 14167 14241 14401 14305 14091 13951 13899 13899 13899 13899 13899 13909 13970 13925 13736 13581 13736 13919 14056 14193 14230 14123 13991 13823 13658 13467 13394 13510 13647 13786 13758 13725 13731 13778 13905 13987 13847 13414 12923 12527 12242 12120 12010 11685 11106 10381 9643 9023 8673 8335 7945 7572 7223 7019 6631 6073 5362 4656 4084 3470 2530 1808 1321 1012 510 
0 519 1030 1351 1680 2098 2536 2881 3419 3952 4367 4835 5290 5764 6265 7023 7899 8655 9254 9773 10331 10782 11158 11633 12204 12856 13348 13681 13907 14010 13968 13965 13961 14017 13973 13849 13859 13986 13918 13841 13788 13770 13770 13770 13770 13770 13786 13877 13839 13603 13366 13448 13551 13557 13578 13562 13487 13399 13306 13272 13251 13291 13435 13620 13756 13743 13737 13765 13738 13743 13775 13596 13084 12624 12399 12121 11857 11659 11390 10909 10355 9671 9079 8628 8321 8018 7652 7196 6840 6540 6278 5856 5248 4531 3661 2659 1911 1251 834 420 
81 735 1359 1656 1999 2492 2969 3308 3639 3996 4513 5085 5594 5998 6446 7098 7683 8200 8676 9422 10161 10771 11221 11680 12113 12525 13095 13504 13642 13710 13768 13812 13823 13873 13845 13710 13713 13791 13770 13770 13770 13770 13770 13770 13768 13758 13732 13681 13501 13229 12965 12982 13006 12992 13042 13053 12954 12895 13004 13137 13293 13430 13592 13764 13812 13727 13686 13688 13653 13614 13454 13152 12841 12662 12485 12176 11870 11447 11029 10566 10223 9882 9458 8930 8572 8290 7966 7480 7017 6674 6435 6180 5755 5148 4267 3355 2541 1577 908 456 
536 1002 1435 1828 2386 2875 3188 3495 3850 4298 4901 5424 5958 6373 6797 7329 7927 8462 8904 9498 10077 10711 11302 11820 12225 12581 13113 13390 13378 13356 13525 13635 13722 13766 13723 13601 13652 13748 13770 13770 13770 13770 13770 13770 13756 13688 13511 13246 13003 12836 12703 12654 12619 12578 12560 12582 12626 12681 12759 12830 12933 13081 13309 13496 13563 13540 13498 13438 13375 13404 13218 12935 12677 12533 12305 11918 11625 11339 11042 10704 10401 9992 9517 9067 8831 8620 8369 7998 7482 6995 6674 6450 6195 5697 4842 3812 2891 1917 1244 624 
887 1313 1725 2177 2765 3196 3502 3880 4175 4479 4998 5512 6104 6738 7310 7837 8388 8849 9299 9863 10444 10999 11433 11958 12356 12689 13059 13170 13087 12912 13102 13280 13375 13368 13402 13410 13513 13619 13643 13643 13643 13643 13611 13564 13521 13414 13166 12844 12613 12432 12292 12279 12253 12173 12069 12061 12171 12294 12379 12456 12545 12658 12804 12912 12923 12853 12791 12841 12952 13121 13181 13165 12911 12475 12190 11953 11764 11437 11082 10938 10819 10474 10114 9758 9480 9138 8729 8278 7841 7577 7312 6886 6407 5877 5110 4056 3074 2222 1627 817 
1083 1602 2123 2616 3120 3531 3843 4267 4586 4885 5327 5901 6415 6893 7428 8135 8690 9092 9514 10150 10900 11476 11823 12184 12417 12608 12900 13071 13099 13031 13141 13201 13233 13218 13242 13253 13291 13329 13338 13338 13338 13338 13257 13135 13050 12935 12708 12459 12265 12004 11816 11835 11761 11669 11598 11617 11698 11789 11854 11889 11957 12016 12092 12169 12207 12244 12325 12509 12641 12756 12886 13027 12907 12604 12366 12226 12149 11793 11440 11265 11113 10953 10792 10555 10011 9521 9167 8875 8525 8312 7939 7353 6771 6158 5447 4406 3397 2506 1889 950 
1427 2008 2618 3084 3424 3694 4014 4546 5030 5565 6019 6615 7084 7509 7950 8472 8920 9425 9929 10452 11210 11783 12071 12194 12499 12726 12831 12839 12910 13048 13209 13231 13149 13068 12997 12918 12900 12895 12834 12772 12763 12752 12690 12580 12426 12271 12065 11848 11676 11498 11321 11257 11181 11144 11102 11155 11269 11427 11528 11578 11512 11422 11471 11642 11882 12122 12197 12233 12182 12258 12464 12712 12698 12656 12565 12463 12319 12055 11897 11758 11503 11256 11083 10861 10372 9939 9522 9250 8881 8562 8234 7823 7465 6788 5873 4734 3690 2742 2040 1026 
1701 2296 2931 3382 3851 4268 4661 5104 5756 6547 6995 7304 7608 7959 8297 8721 9253 9896 10570 11006 11534 11969 12297 12396 12522 12522 12543 12642 12880 13150 13175 13018 12838 12792 12756 12639 12553 12534 12520 12506 12491 12458 12382 12236 11901 11658 11601 11478 11234 11064 10929 10816 10808 10858 10772 10659 10754 10951 11056 11128 11098 11060 11089 11190 11390 11607 11636 11622 11587 11787 12163 12546 12657 12727 12700 12698 12632 12509 12427 12228 11843 11505 11303 11125 10817 10544 10092 9552 8930 8553 8354 8189 7919 7118 6149 5183 4276 3270 2351 1182 
2018 2535 3092 3535 4161 4780 5399 5942 6570 7129 7574 7845 8071 8333 8715 9229 9764 10325 10959 11465 11922 12346 12513 12444 12408 12375 12454 12678 12857 12983 12844 12585 12420 12432 12435 12383 12327 12315 12350 12385 12370 12324 12263 12050 11693 11386 11244 10975 10743 10637 10637 10623 10517 10423 10339 10155 10043 10129 10227 10290 10278 10312 10392 10527 10782 11003 11170 11379 11477 11675 12027 12389 12575 12704 12663 12667 12719 12796 12837 12704 12334 11937 11573 11303 11032 10817 10458 9839 9172 8829 8519 8241 7960 7397 6636 5657 4676 3709 2703 1357 
2335 2741 3186 3596 4348 5174 6052 6688 7182 7589 7921 8106 8380 8774 9310 9939 10410 10824 11345 11843 12118 12271 12378 12451 12375 12209 12192 12392 12445 12392 12274 12218 12151 12179 12180 12217 12260 12279 12231 12147 12154 12074 11894 11578 11279 10942 10565 10206 10070 10094 10103 10005 9769 9546 9508 9443 9328 9351 9403 9521 9615 9702 9741 9881 10173 10522 10876 11302 11575 11801 11878 12034 12298 12610 12714 12746 12837 12828 12855 13025 12973 12684 12210 11710 11294 10969 10650 10220 9753 9445 8964 8412 8127 7755 7076 6149 5111 3980 2857 1435 
2804 3272 3730 4085 4718 5515 6451 7135 7571 7977 8163 8349 8753 9296 9794 10346 10849 11297 11741 12143 12219 12157 12124 12287 12305 12089 11970 11949 11905 11820 11696 11619 11615 11758 11827 11871 11957 11998 11835 11510 11277 11098 10887 10572 10138 9783 9512 9367 9352 9416 9360 9078 8841 8634 8533 8500 8571 8604 8630 8757 8975 9179 9209 9379 9623 9995 10383 10876 11279 11603 11568 11666 11881 12275 12641 12800 12977 12899 12854 13089 13198 13080 12859 12433 11883 11394 11047 10634 10200 9924 9527 9093 8729 8168 7540 6734 5733 4560 3412 1718 
3199 3818 4395 4861 5309 5971 6879 7610 7935 8268 8526 8792 9238 9884 10391 10935 11473 11818 11944 12147 12244 12227 12057 12031 12017 11867 11722 11664 11577 11398 11245 11189 11289 11456 11477 11422 11366 11223 10914 10573 10281 10072 9804 9538 9221 8887 8607 8420 8246 8064 8154 8224 8169 7971 7703 7520 7643 7810 8056 8364 8631 8830 8917 9075 9223 9485 9849 10370 10888 11375 11635 11880 11838 12006 12305 12559 12862 12871 12927 13139 13209 13123 12966 12561 11984 11523 11245 11003 10736 10538 10341 10079 9502 8574 7765 6979 6059 5010 3828 1931 
3315 4029 4700 5376 5979 6687 7355 7828 8154 8497 8929 9332 9791 10328 10769 11329 11912 12276 12343 12382 12293 12272 12264 12099 11918 11743 11577 11521 11386 11208 11199 11329 11379 11266 11071 10903 10675 10321 9905 9640 9412 9138 8794 8522 8354 7850 7252 6791 6667 6687 7076 7342 7378 7284 7128 7033 7158 7377 7645 7988 8326 8549 8603 8685 8773 8985 9354 9957 10618 11209 11606 11958 12052 12155 12221 12431 12810 12882 12962 13133 13189 13123 12966 12568 12017 11601 11354 11162 10945 10745 10559 10324 9954 9249 8333 7466 6451 5381 4108 2071 
3391 4213 5004 5903 6715 7437 7884 8092 8357 8699 9307 9847 10284 10790 11306 11843 12300 12558 12544 12467 12372 12352 12359 12164 11967 11810 11638 11503 11368 11280 11299 11408 11372 11063 10520 9995 9582 9314 9050 8828 8586 8395 8082 7749 7462 6944 6195 5623 5502 5544 5820 5874 5858 5984 6271 6538 6782 6934 7065 7220 7555 7880 8039 8329 8566 8724 8998 9561 10293 10983 11551 11967 12157 12291 12318 12492 12839 12842 12853 13035 13161 13123 12985 12689 12308 12014 11673 11326 11017 10790 10604 10399 10165 9680 8975 8188 7109 5942 4467 2230 
3498 4383 5253 6327 7254 7835 8122 8280 8635 9176 9835 10327 10799 11428 12029 12421 12681 12772 12733 12696 12514 12398 12407 12309 12136 11950 11801 11618 11428 11213 11111 11122 11071 10778 10177 9498 8897 8519 8233 8100 8023 7880 7537 7020 6575 6256 5696 5209 4894 4676 4762 4906 4966 5208 5545 5883 6178 6386 6616 6815 7196 7580 7786 8042 8225 8346 8595 9048 9721 10519 11291 11772 11908 12014 12240 12516 12802 12801 12949 13156 13205 13156 13054 12814 12493 12235 11869 11492 11197 11016 10888 10639 10336 9865 9288 8595 7555 6320 4653 2309 
3722 4655 5576 6549 7351 7891 8231 8501 8951 9637 10438 10980 11413 11954 12426 12735 12937 12957 12828 12720 12498 12328 12336 12321 12194 12014 11889 11658 11420 11041 10881 10818 10655 10334 9738 8986 8375 8077 7861 7548 7186 6771 6507 6126 5730 5370 5021 4712 4446 4224 4026 3970 4290 4645 4739 4913 5203 5552 6007 6367 6759 7165 7397 7502 7690 7929 8201 8558 9160 10031 10958 11578 11776 11892 12069 12218 12505 12698 13022 13265 13286 13260 13202 12946 12568 12252 11897 11562 11327 11174 11063 10803 10446 9931 9399 8785 7777 6557 4865 2423 
4281 5371 6417 7073 7558 7968 8458 8905 9507 10220 10870 11353 11791 12221 12593 12879 13062 13052 12872 12722 12527 12402 12451 12373 12145 11932 11803 11530 11240 10797 10478 10219 9926 9559 9037 8369 7953 7817 7633 7073 6351 5725 5507 5346 5085 4758 4493 4236 4046 3914 3710 3455 3585 3773 3807 3929 4165 4579 5088 5515 5910 6429 6918 7219 7520 7776 8017 8398 9013 9877 10657 11257 11558 11760 11911 12050 12437 12731 13104 13376 13365 13308 13225 12966 12579 12255 11958 11712 11543 11337 11141 10903 10616 10168 9653 9072 8156 7100 5487 2781 
4419 5697 6906 7485 7896 8259 8865 9475 10224 10882 11208 11511 11954 12368 12724 13021 13164 13113 12893 12734 12578 12504 12575 12462 12157 11875 11709 11352 10936 10376 10006 9677 9176 8666 8271 7867 7629 7472 7141 6439 5650 5048 4819 4662 4445 4063 3765 3621 3599 3587 3398 3130 3118 3169 3207 3310 3529 3973 4419 4716 5161 5809 6511 6995 7345 7561 7737 8110 8741 9615 10385 10997 11259 11509 11782 12065 12447 12654 13076 13440 13430 13359 13263 12990 12590 12255 11998 11805 11683 11497 11248 11016 10776 10379 9842 9256 8377 7405 5811 2965 
4335 5792 7177 7910 8278 8615 9339 10156 10824 11280 11501 11744 12093 12457 12777 13055 13188 13149 12935 12784 12675 12666 12711 12514 12090 11733 11506 11095 10626 10114 9772 9373 8840 8328 7884 7435 7044 6644 6091 5419 4844 4475 4332 4090 3700 3227 3049 3048 2980 2788 2441 2397 2544 2657 2731 2932 3294 3628 3865 3968 4444 5128 5886 6428 6736 6877 6933 7210 7827 8736 9599 10444 10834 11277 11749 12051 12377 12605 13061 13446 13479 13448 13378 13065 12625 12255 12006 11823 11710 11532 11273 11031 10782 10390 9933 9436 8530 7494 5840 2979 
4739 6129 7463 8255 8590 8978 9693 10463 11177 11719 12000 12183 12325 12582 12809 13055 13188 13254 13129 12931 12803 12808 12780 12437 11949 11649 11383 10855 10242 9655 9204 8817 8430 8019 7530 6949 6351 5830 5258 4628 4089 3759 3655 3431 3109 2724 2621 2639 2549 2346 2044 2039 2200 2325 2405 2581 2905 3246 3547 3635 4130 4787 5487 5889 6122 6306 6475 6862 7523 8452 9317 10212 10724 11233 11624 11749 12020 12387 12906 13342 13484 13515 13468 13144 12692 12310 12042 11840 11710 11532 11273 11031 10782 10390 9933 9436 8541 7522 5874 2996 
5482 6621 7717 8353 8699 9167 9886 10549 11227 11764 12060 12238 12352 12594 12809 13055 13188 13330 13283 13088 12887 12717 12592 12272 11734 11268 10964 10560 10015 9355 8786 8262 7865 7415 6882 6218 5579 5119 4661 4062 3515 3236 3233 3158 2931 2548 2383 2326 2240 2127 1964 1987 2161 2286 2366 2517 2767 3083 3391 3520 4054 4676 5194 5423 5691 5947 6177 6628 7350 8295 9295 10361 10962 11301 11461 11532 11810 12102 12646 13238 13464 13515 13478 13211 12815 12473 12148 11890 11710 11532 11273 11031 10782 10390 9933 9436 8587 7637 6015 3067 
5860 6790 7674 8274 8848 9604 10430 10975 11443 11837 12074 12239 12352 12594 12809 13055 13188 13386 13412 13207 12877 12489 12286 12091 11610 11078 10723 10310 9742 9060 8556 8022 7465 6744 6202 5682 5109 4481 3990 3452 3051 2905 2987 2973 2782 2440 2246 2138 2033 1981 1913 1969 2123 2186 2234 2388 2633 2888 3115 3223 3748 4385 4939 5200 5452 5672 5883 6420 7329 8371 9277 10215 10885 11252 11406 11474 11681 11897 12506 13139 13401 13513 13480 13221 12834 12498 12164 11898 11710 11532 11273 11031 10782 10390 9933 9436 8607 7651 6001 3060 
5703 6736 7726 8509 9227 10050 10952 11512 11815 12004 12118 12244 12352 12594 12814 13102 13279 13478 13470 13156 12700 12425 12286 12058 11630 11138 10623 10046 9512 8862 8290 7680 7096 6296 5697 5141 4541 3918 3538 3193 2942 2835 2917 2933 2799 2525 2322 2156 2005 1954 1913 1967 1977 1881 1967 2202 2482 2780 3034 3059 3495 4057 4680 5045 5334 5579 5863 6562 7630 8709 9373 10021 10705 11247 11519 11601 11787 11924 12351 12843 13126 13369 13453 13221 12834 12501 12187 11941 11768 11570 11291 11031 10782 10390 9921 9401 8598 7685 6040 3080 
5744 6873 7937 8747 9410 10155 11013 11585 11882 12046 12137 12246 12352 12579 12827 13208 13511 13619 13442 13108 12713 12512 12369 12028 11482 11004 10480 9840 9274 8559 7911 7280 6746 5992 5256 4534 4001 3601 3386 3110 2910 2835 2917 2950 2847 2603 2398 2202 2020 1934 1870 1900 1815 1654 1751 2022 2282 2603 2882 2941 3405 3996 4615 4960 5250 5607 6113 7006 8065 9024 9622 10152 10872 11492 11712 11693 11846 11978 12310 12763 12972 13140 13365 13221 12834 12509 12252 12061 11932 11678 11343 11031 10782 10390 9884 9294 8470 7627 6040 3080 
5870 7075 8176 8867 9438 10156 11013 11585 11882 12046 12137 12246 12352 12536 12763 13122 13494 13593 13374 13101 12920 12887 12622 11945 11178 10652 10276 9816 9201 8395 7762 7124 6373 5503 4794 4211 3859 3576 3382 3108 2909 2835 2917 2950 2847 2603 2398 2169 1955 1817 1725 1618 1505 1442 1640 1947 2214 2558 2863 2952 3406 4003 4645 5045 5489 5965 6613 7438 8372 9188 9773 10278 10972 11538 11674 11637 11903 12148 12410 12778 12954 13097 13346 13221 12834 12510 12261 12078 11955 11693 11350 11031 10749 10253 9623 8971 8213 7439 5904 3011 
5991 7185 8274 8985 9510 10131 10963 11548 11877 12046 12137 12246 12362 12565 12807 13128 13480 13581 13372 13166 13156 13200 12774 11885 11053 10555 10042 9542 9021 8283 7509 6745 5957 5150 4590 4178 3872 3601 3382 3108 2909 2835 2913 2919 2789 2520 2281 2012 1774 1662 1595 1429 1325 1284 1529 1845 2142 2538 2925 3044 3468 4059 4798 5317 5965 6541 7165 7883 8731 9464 10114 10685 11194 11536 11673 11727 12019 12264 12475 12787 12954 13097 13346 13221 12834 12510 12261 12078 11955 11693 11350 10998 10615 9975 9284 8659 8004 7305 5820 2969 
5917 7094 8175 8999 9582 10136 10918 11509 11871 12046 12137 12246 12387 12659 12964 13216 13499 13581 13372 13201 13246 13274 12831 12003 11105 10540 9966 9420 8981 8242 7280 6453 5745 5037 4518 4171 3882 3615 3382 3108 2909 2834 2897 2828 2624 2324 2055 1790 1592 1528 1485 1343 1197 1148 1508 1960 2293 2531 2827 3054 3738 4558 5364 5894 6516 7079 7560 8189 9012 9779 10453 11028 11431 11703 11914 12007 12242 12447 12576 12802 12954 13097 13346 13221 12834 12510 12261 12078 11955 11693 11350 10911 10392 9674 9053 8496 7884 7230 5771 2944 
5514 6782 7991 9052 9815 10347 10999 11524 11871 12046 12137 12246 12392 12677 12994 13233 13503 13581 13372 13245 13353 13323 12869 12214 11383 10796 10265 9750 9132 8247 7180 6405 5827 5241 4688 4251 3883 3614 3390 3119 2890 2746 2723 2657 2455 2168 1939 1720 1575 1487 1492 1398 1189 1179 1615 2102 2418 2651 3038 3442 4350 5319 6071 6664 7198 7730 8126 8662 9418 10215 10960 11498 11825 12024 12177 12236 12366 12476 12582 12811 13048 13284 13424 13221 12834 12510 12261 12078 11955 11693 11330 10852 10321 9617 9015 8464 7830 7077 5545 2831 
4937 6388 7814 8982 9777 10408 11035 11472 11755 11965 12121 12319 12505 12804 13071 13274 13508 13581 13372 13245 13318 13190 12774 12320 11743 11334 10712 9947 9086 8198 7137 6359 5883 5450 4890 4375 3970 3770 3595 3289 2914 2631 2535 2537 2429 2233 2056 1817 1635 1558 1677 1692 1587 1641 2046 2477 2845 3250 3887 4461 5166 5940 6667 7245 7690 8215 8722 9294 10076 10934 11591 11893 12122 12245 12347 12399 12453 12488 12582 12853 13222 13479 13476 13221 12834 12510 12261 12078 11955 11656 11179 10603 10096 9449 8843 8221 7481 6510 4958 2536 
4609 6138 7649 8819 9616 10332 10994 11393 11627 11854 12090 12407 12680 12977 13162 13323 13514 13581 13362 13163 13205 13162 12845 12464 11954 11610 10945 10146 9271 8337 7342 6651 6139 5604 5031 4580 4269 4072 3793 3349 2881 2586 2532 2563 2565 2529 2478 2202 1911 1832 2060 2186 2222 2394 2806 3307 3948 4489 5193 5930 6440 6959 7550 7969 8516 9092 9655 10107 10719 11371 11794 12011 12269 12425 12513 12557 12570 12613 12786 13024 13299 13510 13480 13221 12834 12510 12258 12064 11884 11487 10925 10287 9721 9053 8427 7718 6964 5950 4470 2286 
4539 6037 7499 8492 9274 10134 10901 11319 11537 11764 12000 12292 12617 12948 13162 13323 13514 13608 13439 13086 12984 13042 12857 12586 12148 11872 11258 10617 9804 8802 7847 7263 6743 6232 5668 5221 4810 4507 4175 3782 3357 3069 3017 2997 3022 2951 2920 2671 2434 2398 2702 2929 3105 3535 4188 4861 5442 5862 6457 7177 7724 8157 8633 9017 9585 10162 10635 11070 11481 11828 12029 12162 12422 12603 12616 12596 12676 12806 13059 13314 13433 13514 13480 13221 12834 12510 12237 11964 11634 11179 10622 10004 9398 8789 8248 7614 6800 5650 4056 2049 
4039 5638 7183 8164 8989 9933 10772 11202 11398 11681 11980 12291 12616 12948 13162 13323 13514 13553 13440 13219 13019 13003 12809 12576 12261 12101 11536 10984 10404 9660 8885 8311 7760 7335 6784 6318 5863 5564 5297 4950 4510 4232 4207 4167 4091 3932 3837 3616 3570 3752 4126 4391 4766 5318 5980 6664 7180 7470 7928 8640 9282 9598 9907 10160 10477 10820 11170 11533 11918 12209 12321 12369 12487 12593 12662 12783 13068 13250 13319 13387 13453 13515 13480 13221 12834 12495 12146 11780 11457 10959 10281 9648 9098 8549 8005 7324 6419 5269 3761 1893 
3372 5105 6783 7989 8874 9753 10636 11146 11294 11518 11878 12251 12577 12901 13120 13300 13510 13538 13499 13451 13211 13096 12907 12715 12396 12261 11884 11477 11232 10927 10288 9555 9070 8842 8347 7773 7384 7191 6955 6591 6174 5888 5681 5568 5420 5311 5172 4984 5177 5658 6306 6707 7135 7621 8144 8609 8985 9304 9645 10081 10458 10637 10732 10835 11048 11312 11617 11818 12147 12482 12672 12742 12687 12683 12844 13080 13280 13378 13386 13401 13471 13504 13449 13172 12790 12438 12015 11503 11068 10560 9892 9236 8706 8170 7588 6932 6045 4874 3317 1651 
2947 4495 6046 7397 8292 9186 10133 10750 11033 11301 11651 12027 12392 12746 12995 13231 13497 13538 13499 13451 13248 13226 13082 12897 12748 12875 12764 12452 12257 12102 11801 11363 11055 10834 10365 9749 9348 9112 8945 8709 8356 8066 7888 7869 7923 8031 7993 7879 8063 8362 8839 9223 9592 9994 10229 10409 10577 10894 11224 11400 11504 11565 11598 11720 11981 12230 12471 12581 12812 13108 13346 13483 13428 13289 13262 13295 13343 13406 13489 13515 13515 13473 13355 13023 12654 12236 11652 10969 10391 9885 9393 8901 8384 7702 6858 6039 5311 4354 2925 1441 
2744 4032 5330 6592 7560 8583 9707 10435 10867 11165 11467 11857 12286 12670 12903 13112 13385 13442 13448 13438 13349 13393 13275 13225 13253 13412 13360 13182 13092 12991 12897 12736 12625 12491 12277 12001 11692 11463 11370 11279 11163 11152 11230 11309 11371 11448 11416 11351 11515 11678 11758 11874 12033 12269 12400 12436 12378 12397 12524 12604 12688 12725 12758 12939 13184 13316 13449 13523 13665 13806 13926 13997 13869 13615 13433 13374 13485 13518 13522 13476 13422 13314 13079 12663 12256 11738 11132 10498 10020 9538 9007 8458 7898 7204 6216 5183 4518 3779 2714 1347 
2538 3705 4880 6112 7118 8081 8921 9639 10457 11076 11448 11840 12248 12571 12748 12901 13124 13250 13388 13509 13556 13645 13537 13542 13697 13871 13884 13871 13952 13983 13903 13791 13739 13718 13702 13679 13626 13587 13570 13594 13651 13789 13943 14004 14020 14020 13963 13903 13988 14064 14034 14033 14033 14089 14150 14157 14115 14080 14084 14136 14216 14250 14252 14346 14441 14463 14481 14502 14567 14631 14665 14591 14352 14054 13839 13708 13646 13534 13520 13400 13216 12957 12645 12194 11723 11049 10465 10046 9747 9283 8664 7984 7272 6539 5766 4846 4067 3145 2138 1071 
2129 3328 4536 5717 6746 7661 8264 9020 10056 10876 11335 11752 12063 12258 12393 12657 12983 13195 13386 13625 13798 13979 14003 14027 14233 14498 14674 14766 14874 14967 14967 14967 15013 15089 15144 15188 15201 15201 15207 15232 15258 15269 15279 15279 15279 15279 15279 15279 15252 15164 15066 15065 15065 15065 15065 15065 15065 15065 15065 15065 15065 15065 15065 15065 15065 15065 15065 15065 15065 15065 15065 14932 14551 14182 14034 13890 13673 13424 13355 13206 12906 12544 12222 11632 11026 10404 9911 9549 9121 8551 7907 7340 6687 5886 5179 4385 3675 2680 1629 814 
1648 2767 3894 4920 6041 7259 8071 8750 9514 10255 10872 11419 11822 12016 12202 12502 12827 13083 13331 13634 13819 14001 14025 14037 14225 14425 14620 14803 14952 15045 15045 15045 15045 15045 15131 15261 15300 15300 15300 15300 15300 15300 15300 15300 15300 15300 15300 15300 15294 15279 15264 15264 15264 15264 15264 15264 15264 15264 15264 15264 15264 15264 15264 15264 15264 15264 15264 15264 15264 15264 15183 14975 14595 14150 13942 13788 13571 13261 13066 12865 12526 12114 11616 10947 10332 9938 9511 9019 8442 7775 6970 6232 5648 5059 4445 3757 3172 2264 1315 656 
1276 2174 3092 4047 5271 6495 7448 8264 8985 9690 10450 11064 11534 11828 12023 12223 12448 12785 13158 13571 13782 13992 14025 14037 14219 14406 14601 14797 14952 15045 15045 15045 15045 15045 15131 15261 15300 15300 15300 15300 15300 15300 15300 15300 15300 15300 15300 15300 15300 15300 15300 15300 15300 15300 15300 15300 15300 15300 15300 15300 15300 15300 15300 15300 15300 15300 15300 15300 15263 15208 15071 14817 14501 14090 13746 13415 13241 13030 12799 12487 11931 11318 10655 10121 9634 9229 8794 8252 7612 6966 6209 5598 5080 4527 3913 3218 2726 1931 1098 547 
702 1486 2299 3316 4618 5806 6812 7637 8364 9122 9999 10652 11215 11549 11734 11941 12217 12551 12856 13222 13557 13888 13992 14016 14129 14234 14379 14582 14768 14872 14949 15009 15045 15045 15096 15172 15233 15286 15300 15300 15300 15300 15300 15300 15300 15300 15300 15300 15300 15300 15300 15300 15300 15300 15300 15300 15300 15300 15300 15300 15300 15300 15300 15294 15286 15282 15276 15265 15168 15024 14876 14614 14282 13819 13390 12973 12812 12642 12378 12024 11239 10492 9762 9352 8974 8488 7949 7285 6637 6106 5513 5086 4543 3941 3447 2702 2063 1483 895 447 
332 1061 1819 2839 3977 4915 5801 6736 7643 8451 9174 9822 10596 11070 11400 11773 12113 12366 12501 12812 13228 13615 13786 13893 14017 14064 14132 14303 14545 14741 14892 14988 15045 15045 15045 15045 15137 15266 15300 15300 15300 15300 15300 15300 15300 15300 15300 15300 15300 15300 15300 15300 15300 15300 15300 15300 15300 15300 15300 15300 15300 15300 15300 15238 15158 15122 15061 14950 14878 14751 14430 14109 13721 13146 12674 12376 12224 11900 11388 10955 10298 9713 9122 8696 8184 7593 6973 6357 5896 5536 4980 4311 3622 3068 2741 2152 1436 1124 762 384 
255 776 1308 2093 3119 4176 5095 6110 6946 7583 8110 8881 9841 10503 11010 11488 11931 12204 12292 12552 12963 13327 13535 13709 13875 13945 14040 14264 14533 14741 14892 14988 15045 15045 15045 15045 15137 15266 15300 15300 15300 15300 15300 15300 15300 15300 15300 15300 15300 15300 15300 15300 15300 15300 15300 15300 15300 15300 15292 15254 15217 15216 15216 15157 15054 14945 14870 14774 14644 14375 13903 13406 12874 12307 11901 11666 11495 11052 10352 9712 9334 8988 8483 7921 7223 6570 6008 5592 5199 4804 4171 3485 2917 2415 2070 1678 1098 748 439 221 
255 495 733 1186 1956 2982 3969 5140 6071 6662 7194 8078 9009 9687 10262 10694 11194 11600 11969 12359 12750 13047 13297 13529 13730 13834 13977 14250 14505 14661 14821 14968 15045 15045 15045 15045 15093 15161 15225 15286 15300 15300 15300 15300 15300 15300 15300 15300 15300 15300 15300 15300 15300 15300 15300 15300 15300 15300 15276 15167 15057 15023 14995 14991 14928 14756 14550 14359 14132 13813 13355 12738 12130 11499 10907 10427 10056 9634 9109 8653 8279 7857 7256 6717 6193 5724 5227 4856 4503 4072 3481 2890 2481 2028 1625 1235 711 252 50 25 
212 261 304 607 1260 2031 2808 3925 5087 5927 6552 7266 7841 8455 9133 9824 10452 10950 11523 11960 12151 12319 12736 13245 13616 13761 13920 14167 14317 14406 14605 14844 14962 15005 15039 15045 15045 15045 15126 15233 15274 15296 15300 15300 15300 15300 15300 15300 15300 15300 15300 15300 15300 15300 15300 15300 15270 15203 15139 15093 15044 14908 14794 14794 14699 14449 14007 13575 13091 12593 12165 11606 11182 10748 10088 9415 8843 8338 7743 7282 6912 6610 6211 5804 5472 5175 4679 4218 3725 3268 2772 2394 2055 1567 979 655 364 92 0 0 
36 158 255 510 999 1508 2071 3060 4051 4995 5727 6457 6921 7549 8207 9042 9749 10345 10917 11262 11398 11559 12098 12721 13100 13370 13652 13911 13986 14131 14349 14543 14695 14895 15024 15045 15045 15045 15059 15077 15169 15279 15300 15300 15300 15300 15300 15300 15300 15297 15272 15247 15244 15244 15244 15244 15204 15023 14822 14766 14686 14515 14311 14191 13965 13604 13087 12630 12190 11672 11106 10397 9849 9332 8721 8109 7559 7151 6560 6007 5761 5583 5345 4967 4581 4137 3710 3403 3061 2710 2384 1996 1439 965 512 284 135 31 0 0 
0 142 255 364 543 782 1331 2288 3084 3919 4603 5322 5994 6770 7448 8130 8634 9205 9826 10297 10716 11048 11430 11811 12119 12619 13105 13478 13649 13798 13981 14166 14394 14621 14778 14910 14992 15045 15045 15045 15091 15150 15161 15161 15222 15293 15300 15300 15300 15290 15192 15095 15084 15069 15011 14964 14904 14696 14491 14373 14228 13979 13596 13263 12951 12393 11656 10962 10455 9898 9360 8703 8055 7445 6932 6521 6181 5871 5470 5158 5013 4855 4613 4259 3805 3297 2894 2693 2500 2112 1683 1287 794 411 281 219 123 29 0 0 
0 108 201 235 262 413 950 1598 1967 2388 3060 3858 4777 5590 6297 6879 7396 7873 8443 9040 9706 10387 10846 11048 11269 11683 12109 12587 13037 13349 13561 13764 13990 14235 14481 14727 14876 14962 15000 15030 15045 15045 15045 15045 15130 15199 15181 15136 15074 15004 14904 14820 14812 14779 14588 14308 14034 13877 13792 13670 13367 12884 12323 11859 11578 11050 10330 9516 8872 8304 7774 7188 6645 6199 5869 5637 5417 5102 4744 4480 4293 4151 3922 3460 2917 2558 2329 2154 1944 1476 960 653 422 204 139 87 49 12 0 0 
0 10 46 179 255 315 549 814 1076 1379 1996 2747 3388 3747 4200 4874 5731 6435 7120 7840 8557 9405 9951 10115 10290 10578 10950 11400 12024 12539 12842 13099 13283 13545 13908 14245 14518 14660 14821 14957 15044 15045 15036 15008 14986 14902 14878 14860 14745 14575 14282 14081 14038 13933 13685 13262 12902 12758 12633 12404 11836 11130 10495 9962 9680 9273 8620 7827 7215 6757 6160 5607 5368 5247 5111 4920 4708 4532 4351 4079 3765 3515 3111 2566 2108 1920 1788 1432 1035 758 503 311 228 121 46 0 0 0 0 0 
0 0 11 66 135 236 320 390 501 623 919 1428 1984 2319 2718 3269 3986 4745 5471 6046 6578 7187 7802 8360 9098 9621 9989 10323 10750 11086 11341 11681 12015 12438 12981 13441 13776 13923 14054 14270 14595 14742 14655 14449 14255 13971 13821 13758 13770 13746 13593 13483 13348 12949 12418 12013 11827 11545 11045 10441 9738 9021 8220 7624 7185 6823 6501 6148 5881 5652 5388 5082 4864 4593 4324 4110 3891 3574 3292 2996 2730 2455 2158 1778 1366 1117 981 767 532 395 246 122 50 31 12 0 0 0 0 0 
0 0 0 0 42 140 176 176 176 176 291 571 997 1273 1530 1784 2127 2563 2960 3245 3561 3905 4324 4791 5427 5846 6085 6264 6459 6596 6755 6997 7257 7579 7963 8252 8442 8520 8570 8715 8995 9127 9019 8821 8648 8395 8278 8237 8306 8352 8354 8354 8259 7956 7571 7338 7275 7074 6643 6151 5706 5267 4703 4289 3959 3720 3612 3520 3444 3371 3311 3191 3047 2827 2621 2487 2321 2048 1799 1589 1446 1283 1125 901 611 411 309 246 179 153 108 51 0 0 0 0 0 0 0 0 
