60
0
100
100
0 0 0 0 0 0 0 0 0 0 0 0 0 0 0 0 0 89 254 394 509 510 571 687 897 1019 1020 1127 1336 1777 2243 2627 3160 3690 3992 4118 4496 4921 5100 5026 5201 5562 5706 6080 6434 6770 6967 6997 7149 7292 7522 7970 8485 8696 9253 9628 9406 9136 8731 7966 7143 7017 7083 6973 6640 5995 5448 5250 4796 4379 4259 3905 3369 2841 2410 2106 1847 1326 833 457 307 255 255 255 255 255 255 255 255 255 153 11 0 0 0 0 0 0 0 0 
0 0 0 0 0 0 0 0 0 0 0 7 155 286 309 351 511 733 919 1089 1284 1480 1689 1844 2074 2334 2436 2525 2669 2923 3243 3664 4070 4442 4742 4928 5251 5692 6032 6538 7412 8215 8811 9261 9504 9696 9800 9895 10132 10451 10864 11098 11386 11703 12104 12404 12370 12138 11786 11396 10999 10693 10339 9980 9630 9087 8524 8280 7973 7562 7222 6662 5804 4952 4303 3874 3582 3065 2579 2135 1881 1693 1297 981 732 497 332 255 255 255 216 162 157 145 57 0 0 0 0 0 
0 0 0 0 0 0 18 51 61 63 91 135 366 634 723 846 1103 1367 1556 1730 1996 2330 2638 2847 3092 3410 3642 3922 4163 4350 4661 5236 5651 5941 6273 6551 6885 7386 7827 8520 9404 10135 10926 11497 11754 11905 12037 12229 12473 12862 13353 13455 13562 13839 14031 14150 14178 14047 13861 13752 13634 13231 12628 12095 11715 11248 10694 10420 10199 9838 9344 8701 7793 6862 6034 5363 4991 4558 4117 3700 3411 3055 2365 1817 1410 1018 690 475 350 290 279 267 255 240 132 49 15 0 0 0 
0 0 0 0 0 0 65 186 219 230 355 530 762 1130 1336 1586 1895 2134 2374 2551 2765 2989 3281 3556 3784 4045 4496 5168 5650 5996 6569 7535 8316 8686 8968 9305 9677 10118 10418 10727 11036 11299 11794 12349 12760 13154 13554 13842 13918 14096 14419 14542 14550 14589 14537 14417 14287 14184 14162 14141 14082 13828 13447 13064 12662 12202 11718 11374 11051 10695 10145 9628 9100 8594 7929 7134 6533 5844 5126 4658 4434 4144 3617 3144 2657 2059 1462 971 619 473 407 326 258 252 232 175 53 0 0 0 
0 0 0 0 24 116 232 337 375 562 879 1143 1450 1750 1986 2223 2528 2859 3175 3417 3626 3885 4376 4969 5402 5871 6502 7069 7461 7879 8474 9240 10035 10500 10730 10975 11304 11714 11914 12158 12492 12778 13010 13386 13821 14184 14512 14732 14779 14808 14902 14860 14790 14790 14737 14657 14504 14402 14402 14353 14280 14202 14087 13875 13511 13113 12669 12235 11841 11302 10729 10442 10135 9770 9321 8910 8339 7557 6540 5819 5357 4835 4419 4163 3588 2841 2226 1745 1434 1123 725 471 286 255 255 228 154 83 15 0 
0 0 2 16 71 260 433 547 693 1047 1400 1712 2134 2495 2792 2978 3109 3431 3830 4191 4603 5140 5826 6585 7172 7889 8563 8991 9299 9709 10153 10584 11171 11599 11846 12104 12478 12870 13022 13180 13459 13719 13901 14248 14637 14785 14899 15025 15045 15045 15045 14946 14879 14879 14843 14790 14653 14560 14560 14458 14305 14290 14257 14115 13967 13775 13438 13112 12722 11966 11271 11020 10758 10460 10106 9761 9359 8864 7949 7268 6538 5651 5171 4805 4146 3580 3090 2645 2326 1736 1022 669 423 328 269 255 255 174 31 0 
0 0 18 119 198 307 495 835 1274 1582 1808 2155 2704 3158 3452 3706 3920 4409 4983 5495 6112 6818 7482 8071 8589 9201 9657 10069 10390 10681 11107 11600 12009 12299 12497 12767 13191 13595 13846 13971 14162 14484 14720 14843 14962 14988 15010 15040 15045 15045 15045 15045 15045 15045 14945 14795 14752 14722 14719 14616 14463 14354 14273 14234 14208 14142 13925 13608 13197 12643 12109 11667 11173 10874 10634 10315 9880 9491 8959 8341 7411 6681 6316 5710 4945 4390 3634 3011 2701 2232 1648 1170 772 517 319 255 255 174 31 0 
0 47 103 214 295 429 719 1273 1944 2327 2637 2907 3252 3611 4113 4663 5068 5673 6332 6796 7370 8040 8593 9078 9468 9943 10340 10777 11180 11414 11829 12351 12797 13160 13371 13498 13640 13878 14155 14409 14596 14860 15041 15045 15045 15045 15045 15045 15045 15045 15045 15045 15045 15045 15013 14965 14965 14930 14826 14723 14622 14522 14418 14316 14280 14280 14156 13840 13523 13260 12898 12351 11770 11396 11044 10881 10561 10058 9608 9157 8484 7872 7241 6563 5940 5370 4391 3639 3082 2551 2180 1792 1362 893 451 255 255 202 107 49 
0 133 245 338 485 771 1171 1712 2402 2876 3268 3596 4067 4551 5210 5725 6013 6582 7294 7715 8264 8883 9444 9937 10195 10520 10923 11291 11737 12112 12453 12829 13280 13603 13733 13869 14024 14273 14472 14694 14917 15023 15044 15045 15045 15045 15045 15045 15045 15045 15045 15045 15045 15045 15045 15045 15045 15012 14915 14878 14871 14809 14670 14380 14280 14280 14258 14183 13970 13629 13267 12802 12347 11921 11393 11258 11113 10625 10055 9667 9287 8760 7936 7345 6813 6096 5222 4584 3786 3093 2727 2316 1832 1338 946 606 370 268 245 137 
0 197 370 467 618 1053 1801 2458 3006 3391 3727 4327 5064 5597 6104 6498 6901 7496 8123 8523 9071 9736 10257 10586 10695 10936 11437 11772 12223 12780 13171 13474 13668 13756 13785 14042 14335 14609 14744 14875 14992 15045 15045 15045 15045 15045 15045 15045 15045 15045 15045 15045 15045 15045 15045 15045 15045 15045 15045 15045 15045 14897 14753 14625 14460 14280 14280 14280 14166 13884 13571 13242 12861 12387 11835 11462 11228 10989 10633 10219 9746 9354 8858 8262 7508 6686 5975 5312 4416 3800 3437 2740 2144 1780 1526 1045 554 316 257 143 
51 343 615 834 1041 1546 2403 3130 3591 4080 4748 5561 5988 6241 6624 7082 7706 8380 8968 9293 9817 10380 10730 10932 11053 11365 11896 12248 12729 13318 13577 13721 13788 13874 13973 14261 14538 14720 14846 15021 15045 15045 15045 15045 15045 15045 15045 15045 15045 15045 15045 15045 15045 15045 15045 15045 15045 15045 15045 15045 15045 14999 14968 14968 14733 14382 14352 14321 14219 14066 13863 13596 13323 12916 12406 11826 11435 11323 11134 10712 10216 9841 9447 8854 8053 7338 6714 6009 5141 4498 3873 3034 2530 2219 1860 1308 819 447 265 143 
208 443 672 1190 1790 2461 3140 3853 4343 4975 5718 6206 6455 6736 7160 7698 8475 9136 9601 10058 10511 10775 10903 11104 11453 11868 12377 12754 13056 13414 13603 13749 13846 14074 14318 14542 14734 14783 14846 15021 15045 15045 15045 15045 15045 15045 15045 15045 15045 15045 15045 15045 15045 15045 15045 15045 15045 15045 15045 15045 15045 15045 15045 15045 14942 14790 14610 14447 14251 14092 14002 13896 13787 13441 12852 12235 11772 11563 11368 11057 10696 10372 9944 9325 8546 7845 7235 6530 5600 4822 4271 3667 3082 2526 2031 1514 997 536 272 143 
255 534 811 1379 2166 3070 3625 4375 5119 5807 6342 6563 6854 7214 7683 8250 9046 9553 9938 10529 10905 10967 11072 11458 11909 12325 12766 13106 13300 13541 13724 13911 14093 14299 14510 14667 14787 14832 14909 15029 15045 15045 15045 15045 15045 15045 15045 15045 15045 15045 15045 15045 15045 15045 15045 15045 15045 15045 15045 15045 15045 15045 15045 15045 15045 15045 14747 14514 14366 14196 14066 14037 14012 13703 13174 12599 12100 11766 11496 11346 11018 10688 10378 9930 9208 8433 7868 7149 5946 5109 4849 4340 3547 2847 2299 1839 1343 788 373 180 
255 633 1009 1599 2419 3414 4125 5104 6031 6518 6834 6997 7229 7696 8310 8830 9451 9903 10209 10667 10964 11031 11309 11868 12254 12488 12889 13361 13581 13720 13858 14052 14290 14437 14571 14696 14790 14915 15031 15043 15045 15045 15045 15045 15045 15045 15045 15045 15045 15045 15045 15034 15022 15020 15020 15020 15014 15001 14995 14995 14995 14997 15008 15009 14997 14995 14807 14641 14511 14358 14173 14075 14000 13825 13535 13085 12604 12158 11712 11537 11264 11057 10830 10420 9793 9033 8335 7530 6423 5631 5268 4626 3852 3244 2678 2261 1711 1083 617 301 
357 865 1373 2051 3052 4340 5218 5921 6531 6827 7131 7453 7685 8153 8798 9214 9726 10176 10490 10806 11021 11204 11530 12112 12524 12608 12911 13368 13586 13757 13993 14174 14310 14442 14585 14587 14607 14761 14939 14959 14959 14959 14959 14959 14959 14959 14964 14977 14995 14995 14995 14843 14689 14626 14546 14604 14628 14527 14429 14263 14148 14151 14238 14265 14170 14233 14228 14162 14054 14014 13966 13787 13630 13611 13545 13166 12788 12432 11981 11723 11431 11262 11031 10632 10060 9523 9026 8220 7158 6253 5546 4760 3936 3309 2764 2374 1822 1220 764 378 
764 1245 1764 2629 3813 5121 5923 6364 6803 7050 7280 7736 8170 8579 9073 9399 9895 10385 10719 10900 11072 11322 11636 12190 12592 12699 12930 13310 13598 13837 14100 14216 14200 14108 13970 13749 13766 13935 14182 14110 13894 13772 13701 13608 13593 13648 13627 13614 13693 13716 13700 13423 13096 12823 12481 12608 12960 13010 12960 12876 12780 12652 12608 12743 12792 12953 13110 13208 13290 13355 13366 13247 13086 13204 13366 13072 12705 12283 11881 11709 11457 11379 11268 10875 10348 9929 9522 8874 7915 6880 5921 5044 4252 3630 3075 2569 1889 1327 945 491 
1020 1583 2267 3449 4623 5599 6207 6573 6939 7254 7586 7946 8454 8896 9343 9655 10030 10379 10742 10949 11094 11230 11407 11850 12122 12270 12490 12762 13151 13460 13628 13571 13390 13219 13039 12840 12952 12978 12988 12767 12347 12016 11743 11469 11373 11401 11208 11050 11110 11217 11207 11171 11004 10569 10029 9864 10029 10160 10356 10638 10833 10691 10629 10885 11150 11403 11664 11907 12281 12557 12697 12680 12533 12691 12943 12833 12529 12075 11838 11752 11500 11431 11374 11063 10658 10216 9749 9130 8129 7036 6117 5194 4475 4011 3547 2941 2166 1611 1143 585 
1020 1741 2631 4135 5372 6090 6610 6972 7177 7391 7750 8069 8608 9094 9547 9917 10174 10310 10692 11045 11163 11348 11451 11623 11667 11782 12058 12206 12402 12630 12731 12582 12363 12180 11974 11724 11727 11489 11151 10894 10687 10391 9892 9536 9225 8814 8413 8115 7975 8115 8242 8356 8521 8353 8040 7741 7484 7552 7952 8442 8900 8964 9316 9826 10146 10524 10901 11137 11573 12026 12439 12403 12371 12559 12680 12651 12503 12146 11869 11614 11409 11504 11546 11278 10813 10377 10017 9482 8511 7378 6403 5463 4825 4345 3838 3149 2385 1927 1520 799 
1020 1919 2999 4600 5809 6544 7039 7231 7356 7548 7859 8154 8728 9248 9706 10080 10251 10283 10638 10984 11052 11317 11309 11321 11438 11508 11682 11743 11713 11742 11782 11642 11495 11237 10886 10443 10149 9765 9353 9009 8793 8456 7872 7472 7116 6655 6146 5511 5114 5293 5642 5709 5836 6035 6138 6013 5852 5756 5894 6464 6988 7161 7639 8082 8336 8783 9497 10060 10514 10965 11584 11785 12050 12378 12481 12449 12406 11981 11488 11164 11262 11621 11684 11452 11040 10701 10399 9764 8705 7591 6612 5726 5169 4567 3963 3220 2429 2066 1823 991 
1211 2493 3828 5180 6156 6698 7074 7291 7560 7775 7997 8210 8769 9364 9827 10110 10276 10359 10675 10984 11019 11153 11047 10984 11082 11231 11293 11091 10760 10447 10325 10063 9965 9687 9311 8865 8472 8097 7784 7408 7088 6845 6373 5839 5482 5190 4949 4428 3920 3980 4275 4185 3979 4215 4745 5052 4981 4744 4630 4951 5349 5676 6189 6576 6740 6987 7810 8854 9583 10072 10542 10996 11676 12040 12136 12289 12345 11931 11388 11054 11235 11584 11645 11476 11130 10850 10574 9908 8850 7789 6795 5906 5320 4747 4171 3395 2556 2182 1946 1053 
1732 3283 4746 5669 6338 6719 6987 7227 7550 7816 8093 8314 8775 9286 9727 10054 10332 10550 10759 10961 10866 10770 10717 10651 10657 10939 10942 10531 9983 9455 9099 8763 8705 8543 8274 7903 7519 7127 6800 6310 5861 5731 5367 4703 4136 3947 3881 3479 2874 2764 2913 2809 2623 2746 3185 3537 3620 3778 3981 4147 4330 4767 5274 5853 6034 6053 6858 8001 8850 9591 10082 10464 10951 11326 11740 12190 12283 11970 11538 11128 11138 11383 11573 11542 11239 10919 10587 9984 9077 8138 7108 6123 5424 4774 4219 3564 2871 2386 1968 1053 
2004 3610 5105 5938 6509 6842 7049 7190 7433 7770 8140 8370 8776 9230 9625 9990 10371 10674 10786 10903 10746 10456 10267 10283 10397 10588 10480 10021 9281 8682 8199 7879 7742 7581 7367 7228 7092 6716 6319 5846 5405 5142 4841 4398 3884 3696 3452 2875 2062 1656 1538 1642 1809 2018 2265 2408 2533 2968 3411 3586 3710 4075 4460 5211 5544 5692 6431 7276 8080 9040 9674 10111 10432 10781 11390 12004 12253 12099 11671 11182 11045 11277 11595 11658 11434 11142 10783 10128 9244 8297 7235 6300 5627 4917 4372 3786 3062 2474 1975 1053 
2030 3833 5453 6128 6623 7006 7233 7320 7456 7804 8179 8373 8747 9247 9669 9948 10256 10505 10440 10381 10104 9820 9636 9740 9921 9966 9756 9321 8670 8261 7920 7527 7258 7020 6726 6497 6350 5890 5407 5057 4688 4354 4133 3765 3381 3240 3063 2636 1882 1387 1180 1150 1356 1742 2020 2254 2512 2797 2963 3174 3426 3747 4075 4740 5095 5370 6016 6680 7495 8580 9440 10088 10445 10717 11236 11761 12021 12054 11755 11251 11016 11283 11632 11667 11476 11246 10892 10210 9308 8317 7254 6422 5845 5215 4761 4145 3167 2490 2016 1078 
2471 4165 5680 6199 6532 6868 7210 7415 7587 7850 8155 8390 8715 9112 9509 9848 10130 10250 10076 9774 9312 9182 9195 9159 8984 8797 8466 8163 7881 7775 7604 7275 6935 6561 6259 6024 5904 5383 4792 4446 4095 3838 3707 3369 2990 2815 2654 2387 1846 1425 1254 1210 1174 1396 1705 2080 2377 2607 2735 3018 3277 3522 3798 4376 4797 5126 5759 6399 7161 8205 9172 9911 10320 10722 11212 11422 11621 11872 11634 11223 11082 11321 11596 11655 11524 11270 10896 10307 9447 8362 7319 6586 5946 5289 4871 4210 3176 2551 2174 1174 
3261 4615 5819 6222 6466 6758 7153 7475 7723 7897 8106 8267 8494 8879 9319 9659 9998 10086 9775 9411 8980 8865 8656 8476 8201 7914 7686 7517 7457 7498 7353 7018 6655 6223 5898 5655 5421 4966 4411 4119 3908 3736 3665 3404 2967 2693 2557 2394 2001 1620 1338 1236 1084 1096 1420 1808 2080 2404 2688 3008 3202 3356 3592 4207 4633 4898 5444 6134 6957 7994 9031 9806 10264 10667 11023 11131 11395 11667 11464 11228 11240 11385 11596 11722 11659 11338 10896 10315 9458 8376 7368 6665 5981 5291 4885 4237 3156 2485 2113 1147 
3887 4906 5792 6181 6456 6758 7079 7386 7716 7906 8083 8160 8277 8655 9171 9523 9866 9973 9568 9098 8573 8284 7863 7864 7860 7700 7540 7402 7358 7354 7200 6879 6547 6202 5940 5582 5141 4767 4409 4198 3904 3659 3545 3253 2917 2717 2620 2428 2085 1823 1467 1172 986 1032 1321 1595 1897 2219 2544 2977 3250 3410 3590 4042 4406 4720 5261 5874 6737 7938 9106 9917 10365 10687 10985 11061 11206 11354 11306 11219 11271 11397 11596 11758 11731 11374 10903 10349 9528 8546 7595 6759 5981 5300 4963 4401 3268 2518 2126 1153 
4258 5006 5653 6084 6379 6671 6920 7208 7621 7871 8083 8160 8261 8574 9061 9432 9723 9946 9678 9042 8220 7712 7366 7518 7538 7526 7530 7311 7122 7060 6976 6652 6238 6007 5869 5542 5006 4586 4440 4315 3888 3574 3405 3106 2905 2753 2612 2405 2145 2017 1674 1198 881 968 1300 1560 1824 2076 2396 2855 3128 3429 3625 3831 4198 4582 5128 5737 6591 7811 9044 9889 10325 10626 10958 11028 11109 11260 11177 11085 11260 11416 11598 11758 11737 11396 10940 10426 9685 8783 7804 6814 6065 5454 5052 4510 3489 2773 2345 1259 
3936 4839 5639 6043 6272 6528 6783 7076 7499 7810 8082 8160 8261 8554 8998 9365 9610 9672 9331 8744 8037 7667 7269 7070 7012 7324 7439 7076 6899 6922 6708 6194 5581 5422 5494 5321 4899 4536 4405 4229 3849 3570 3420 3113 2935 2792 2599 2385 2143 2017 1753 1309 946 1064 1443 1718 1974 2203 2450 2890 3135 3390 3575 3758 4111 4387 4901 5645 6507 7599 8760 9665 10225 10631 10995 11028 11109 11260 11130 10985 11209 11431 11585 11739 11758 11496 11032 10470 9743 8837 7876 6938 6191 5539 5086 4515 3552 2900 2480 1326 
3735 4731 5626 6017 6203 6420 6644 6888 7283 7633 7950 8081 8234 8509 8827 9126 9334 9362 9024 8467 7799 7404 7024 6685 6586 7117 7215 6928 6968 7035 6668 6117 5517 5224 5203 5088 4801 4620 4507 4239 3940 3747 3532 3107 2851 2743 2627 2396 2163 2048 1786 1384 1138 1359 1626 1837 2100 2386 2732 3109 3279 3530 3744 4017 4370 4620 5166 5854 6634 7622 8613 9547 10197 10622 10995 11028 11106 11216 11097 11019 11277 11456 11495 11645 11719 11453 10955 10426 9743 8837 7910 7038 6256 5539 5086 4515 3552 2931 2554 1370 
3786 4614 5361 5763 6017 6209 6418 6705 7074 7445 7828 7996 8187 8473 8749 8926 8990 9142 8830 8079 7512 7041 6558 6374 6377 6876 6901 6668 6743 6741 6407 6043 5688 5344 5056 4828 4664 4683 4648 4423 4050 3694 3524 3233 2999 2841 2702 2449 2238 2143 1948 1660 1569 1788 1881 1948 2171 2464 2851 3112 3262 3583 3909 4338 4691 4923 5406 5881 6565 7627 8614 9570 10270 10723 11120 11153 11224 11176 10950 11036 11413 11518 11460 11592 11689 11400 10885 10392 9726 8810 7896 7037 6256 5531 5053 4457 3513 2983 2714 1464 
3698 4270 4782 5263 5760 6056 6261 6631 7069 7380 7676 7874 8012 8145 8330 8485 8611 8837 8473 7682 7210 6804 6278 6063 6001 6338 6341 6230 6294 6194 5925 5707 5483 5180 4822 4602 4565 4724 4712 4493 4181 3797 3683 3556 3310 3045 2876 2575 2290 2160 2066 1995 1969 2058 2071 2044 2203 2398 2636 2890 3212 3467 3778 4310 4715 5002 5506 5975 6564 7611 8575 9465 10156 10748 11228 11232 11331 11272 10973 11074 11498 11665 11603 11623 11689 11400 10885 10369 9637 8667 7821 7029 6256 5513 4977 4322 3422 2950 2714 1464 
3272 3882 4426 4773 5317 5871 6244 6631 7020 7235 7465 7717 7853 7863 7873 7913 8039 8266 7982 7278 6793 6631 6330 6018 5743 5970 6003 5909 5989 5955 5747 5621 5386 4998 4623 4552 4602 4713 4649 4434 4279 4111 3995 3842 3592 3349 3168 2892 2641 2393 2195 2173 2101 2176 2217 2120 2276 2357 2372 2653 3173 3487 3754 4233 4619 4980 5572 6069 6661 7733 8711 9461 10039 10689 11156 11070 11290 11396 11139 11203 11586 11816 11730 11611 11640 11393 10914 10405 9624 8597 7782 6997 6190 5426 4907 4268 3389 2920 2665 1433 
2898 3638 4304 4594 5106 5666 6057 6484 6864 7039 7267 7474 7589 7589 7601 7648 7690 7646 7227 6720 6440 6480 6373 6126 5846 5975 5943 5926 6042 5940 5738 5639 5390 5030 4683 4534 4493 4505 4587 4608 4473 4345 4264 4072 3837 3625 3406 3151 2873 2688 2617 2514 2308 2317 2382 2312 2224 2230 2321 2618 3203 3613 3842 4237 4540 4868 5604 6203 6930 8091 9066 9662 10167 10794 11239 11157 11366 11527 11284 11231 11465 11786 11838 11722 11727 11528 11053 10539 9719 8605 7782 6952 6088 5302 4841 4261 3389 2870 2526 1344 
2805 3538 4197 4445 4866 5252 5617 6152 6630 6864 7114 7297 7395 7395 7471 7609 7608 7325 6777 6499 6425 6391 6328 6286 6057 5913 5794 5921 6062 5905 5656 5456 5239 5096 4933 4729 4487 4417 4458 4483 4345 4217 4213 4113 3966 3757 3552 3388 3181 3054 2924 2705 2536 2577 2674 2593 2188 2130 2385 2712 3283 3807 4033 4368 4633 4964 5811 6522 7207 8201 9116 9749 10214 10726 11180 11334 11398 11484 11429 11347 11397 11733 11847 11729 11730 11558 11177 10759 9929 8792 7893 6972 6123 5398 4880 4237 3301 2777 2476 1321 
2576 3360 4059 4255 4526 4718 5009 5548 6168 6637 6991 7129 7191 7235 7324 7460 7590 7417 6913 6706 6675 6486 6366 6299 6019 5921 5927 5879 5825 5756 5533 5265 5168 5218 5110 4899 4548 4331 4181 4192 4123 4056 4080 3991 3877 3751 3578 3471 3519 3363 3067 2911 2740 2657 2612 2508 2359 2290 2316 2698 3403 4024 4249 4523 4757 5104 6002 6812 7447 8241 9133 9873 10266 10579 10997 11337 11455 11559 11497 11363 11372 11711 11843 11742 11742 11561 11206 10816 9992 8857 7981 7093 6275 5568 4939 4209 3196 2683 2459 1321 
2168 3119 3975 4145 4297 4346 4463 4900 5629 6300 6763 6871 6895 7002 7114 7217 7478 7548 7095 6696 6524 6336 6318 6221 5892 5913 5962 5793 5614 5593 5515 5426 5430 5497 5349 5094 4780 4514 4174 4141 4076 4007 4030 3941 3827 3725 3581 3542 3655 3381 3099 3015 2824 2704 2673 2580 2539 2488 2537 3103 3846 4273 4419 4780 5117 5351 6131 7019 7694 8304 9048 9873 10301 10528 10897 11285 11554 11747 11575 11363 11344 11613 11758 11820 11837 11524 11101 10688 9920 8787 7900 7096 6344 5663 5006 4236 3196 2683 2459 1321 
1938 2817 3605 3921 4194 4233 4305 4622 5203 5837 6460 6736 6814 6921 7033 7136 7357 7452 7026 6399 6049 5965 6114 6196 5908 5797 5709 5554 5363 5343 5435 5537 5547 5557 5433 5133 4776 4588 4310 4245 4051 3899 3887 3787 3646 3566 3637 3797 3830 3420 3163 3019 2863 2832 2888 2825 2908 2984 3051 3535 4131 4446 4562 5013 5548 5855 6532 7369 7988 8423 9030 9842 10327 10594 10997 11411 11689 11841 11578 11345 11323 11543 11689 11847 11883 11502 11028 10585 9839 8717 7804 7025 6368 5770 5044 4169 3161 2682 2459 1321 
1785 2468 3090 3608 4041 4080 4146 4416 4826 5230 5751 6218 6470 6599 6719 6809 6864 6936 6723 6033 5489 5434 5711 6094 5990 5811 5612 5432 5349 5286 5241 5309 5303 5294 5238 5025 4770 4735 4551 4356 4057 3868 3825 3691 3491 3502 3885 4126 4045 3611 3301 3158 3041 3093 3124 3088 3425 3633 3504 3698 4160 4631 4922 5318 5848 6362 6958 7557 8059 8447 9075 9900 10478 10896 11214 11367 11639 11833 11469 11280 11327 11555 11694 11847 11883 11502 10991 10490 9707 8605 7688 6899 6303 5714 4880 4010 3191 2671 2345 1262 
1750 2239 2685 3336 3945 4063 4114 4292 4479 4673 5041 5546 5953 6181 6358 6454 6404 6401 6402 5939 5503 5331 5406 5686 5788 5758 5471 5194 5201 5162 5072 5213 5157 5005 4902 4700 4541 4593 4414 4140 3937 3894 3862 3715 3650 3775 3984 4028 3874 3653 3418 3240 3149 3274 3485 3632 3824 3860 3650 3804 4279 4889 5338 5717 6136 6584 7088 7730 8360 8631 9175 9992 10536 11009 11295 11256 11503 11737 11381 11247 11393 11727 11806 11833 11767 11362 10888 10418 9641 8539 7604 6746 6061 5404 4639 3862 3110 2558 2149 1158 
1600 2097 2551 3124 3713 3971 4091 4224 4335 4477 4770 5200 5532 5765 5894 6001 5993 5925 6032 5817 5545 5308 5213 5311 5583 5804 5590 5256 5105 4912 4816 4870 4814 4709 4587 4409 4335 4422 4252 3978 3835 3945 4032 3988 3974 3980 3879 3846 3673 3613 3550 3376 3366 3599 3957 4174 4118 3923 3716 4062 4665 5188 5529 5975 6483 6878 7248 7840 8544 8828 9362 10206 10708 11090 11312 11264 11548 11748 11396 11319 11477 11838 11970 11861 11586 11120 10687 10284 9595 8533 7604 6701 5910 5175 4485 3786 3014 2358 1860 1005 
1378 1887 2412 2973 3458 3714 3902 4043 4136 4304 4590 4876 5010 5242 5448 5596 5606 5504 5484 5244 5113 5050 5024 5036 5087 5243 5372 5109 4765 4546 4420 4293 4376 4438 4352 4198 4147 4186 4013 3766 3641 3745 3937 4076 4094 3921 3711 3702 3607 3582 3570 3415 3547 3986 4324 4411 4273 4041 3971 4443 5035 5506 5810 6228 6797 7263 7554 7964 8541 8891 9515 10480 11041 11290 11366 11270 11547 11733 11414 11382 11556 11880 11969 11765 11403 10942 10532 10040 9376 8417 7563 6701 5910 5145 4395 3613 2840 2214 1756 953 
1136 1718 2325 2728 3028 3350 3696 3845 3892 4095 4380 4609 4775 4948 5087 5287 5337 5202 5121 4856 4788 4746 4674 4682 4656 4753 4978 4705 4272 4065 4049 4045 4188 4282 4256 4054 3882 3830 3659 3569 3442 3391 3587 3834 3896 3702 3570 3570 3570 3582 3570 3471 3741 4271 4543 4545 4456 4349 4402 4828 5318 5772 6197 6670 7186 7611 7946 8206 8613 9038 9751 10705 11158 11201 11166 11120 11457 11792 11509 11348 11609 11937 11864 11529 11107 10729 10435 9833 8990 8011 7250 6426 5670 5026 4315 3416 2577 2107 1796 976 
954 1520 2105 2453 2731 3107 3455 3601 3753 3987 4151 4298 4566 4763 4842 5102 5176 4946 4796 4614 4652 4633 4564 4551 4479 4563 4681 4355 3977 3810 3874 3965 4049 4128 4257 4118 3783 3656 3568 3525 3322 3199 3338 3718 3809 3696 3636 3656 3715 3787 3837 3906 4134 4457 4648 4705 4632 4638 4761 5112 5566 6175 6823 7316 7611 7785 8165 8518 8914 9398 10113 10877 11155 11090 11080 11226 11620 11925 11717 11695 11899 11951 11722 11385 10969 10554 10148 9518 8639 7651 6907 6029 5324 4806 4110 3155 2322 2039 1792 929 
761 1319 1887 2254 2517 2782 3080 3323 3590 3867 4027 4150 4404 4686 4810 4930 4840 4486 4218 4058 4090 4113 4090 4075 4098 4225 4257 4053 3867 3851 3915 3914 3948 3939 3826 3664 3611 3678 3685 3509 3188 3255 3407 3542 3553 3587 3644 3706 3829 3961 4093 4316 4499 4628 4765 4920 4752 4679 4731 5079 5645 6490 7279 7672 7845 7998 8328 8706 9196 9775 10457 10950 11085 11165 11223 11415 11834 12048 11888 11974 12052 11917 11653 11327 10856 10389 9920 9254 8336 7347 6651 5748 5065 4550 3716 2821 2192 1946 1579 773 
551 1205 1802 2013 2218 2561 2894 3160 3342 3474 3655 3889 4229 4565 4657 4651 4527 4349 4159 3972 3888 3983 4099 4049 4072 4130 3939 3766 3697 3738 3819 3861 3875 3733 3474 3295 3367 3527 3622 3574 3376 3516 3708 3617 3473 3447 3627 3785 3985 4247 4411 4527 4602 4699 4879 5012 4818 4857 5170 5560 6059 6783 7508 7802 7930 8073 8414 8940 9524 10027 10572 10961 11025 11176 11376 11415 11619 11835 11759 11773 11829 11703 11461 11118 10563 10028 9588 8789 7864 7109 6532 5543 4737 4180 3376 2661 2169 1907 1486 715 
510 1189 1773 1805 1925 2371 2774 3055 3218 3274 3414 3657 3868 4029 4125 4152 4098 4215 4212 4048 3887 3947 4120 4084 4026 4000 3754 3680 3702 3634 3454 3337 3275 3159 3141 3204 3223 3193 3227 3482 3637 3609 3671 3579 3462 3461 3633 3811 4109 4564 4723 4644 4716 4929 5115 5201 5030 5101 5594 6223 6832 7258 7682 8029 8213 8327 8656 9340 10053 10398 10745 11098 11186 11270 11446 11430 11556 11701 11574 11595 11720 11556 11209 10794 10206 9586 9200 8439 7527 6818 6289 5315 4413 3788 3048 2524 2062 1652 1182 558 
510 1096 1594 1692 1800 2052 2432 2709 2905 3020 3110 3218 3270 3374 3499 3607 3699 3915 3932 3817 3709 3745 3808 3791 3782 3623 3443 3581 3740 3662 3286 2925 2872 2890 2994 3168 3088 2896 2943 3049 3137 3071 3037 2971 2975 3145 3448 3785 4108 4411 4426 4398 4659 4991 5126 5292 5460 5677 6105 6708 7335 7757 7946 8148 8386 8724 9173 9724 10326 10652 11049 11422 11535 11443 11399 11452 11649 11837 11729 11581 11565 11370 10933 10467 9923 9284 8800 7954 7057 6282 5659 4824 4086 3633 2997 2490 1877 1356 1001 490 
371 725 1086 1484 1766 1842 1980 2241 2603 2783 2812 2829 2851 2948 3020 3093 3189 3324 3310 3284 3296 3377 3417 3498 3554 3440 3470 3592 3657 3600 3236 2764 2713 2749 2744 2852 2822 2778 2883 2828 2805 2819 2745 2631 2673 2962 3499 3955 4150 4253 4377 4592 4916 5177 5325 5523 5791 6227 6647 7093 7559 8031 8307 8546 8791 9118 9583 10018 10448 10724 11041 11371 11492 11330 11309 11519 11784 11934 11799 11534 11318 11018 10552 10027 9451 8796 8205 7275 6536 5905 5314 4438 3665 3407 2963 2487 1859 1295 896 431 
255 497 783 1213 1522 1668 1772 2056 2481 2609 2709 2805 2810 2831 2846 2854 2825 2864 2830 2752 2808 2963 3065 3208 3290 3226 3203 3113 3108 3172 2920 2513 2457 2467 2441 2554 2828 2914 2876 2815 2744 2751 2759 2773 2997 3442 3866 4129 4149 4163 4453 4928 5317 5490 5665 5872 6188 6604 6872 7321 7860 8328 8621 8952 9324 9538 9859 10200 10581 10919 11137 11229 11277 11295 11391 11496 11795 11892 11619 11299 10983 10603 10170 9620 8908 8094 7419 6660 6079 5558 5088 4232 3404 3181 2783 2324 1781 1162 651 297 
255 416 586 870 1177 1516 1755 2004 2344 2478 2618 2713 2766 2805 2805 2769 2710 2737 2703 2578 2599 2686 2769 2840 2828 2765 2749 2632 2592 2616 2261 2002 2128 2190 2307 2503 2709 2731 2628 2645 2684 2774 2915 3097 3541 4041 4239 4306 4300 4492 4906 5255 5403 5444 5801 6282 6683 6940 7204 7636 8101 8624 8988 9318 9697 9779 10052 10340 10515 10733 11152 11432 11433 11377 11349 11329 11694 11774 11339 10919 10568 10237 9764 9162 8365 7360 6628 6205 5753 5090 4515 3879 3305 3095 2576 1934 1440 931 495 230 
255 399 528 729 990 1302 1507 1655 1872 2121 2385 2436 2575 2703 2753 2766 2648 2563 2488 2367 2372 2387 2412 2468 2455 2424 2424 2297 2170 2140 1865 1695 1782 1866 2076 2296 2298 2282 2317 2508 2704 2952 3295 3605 4088 4448 4500 4509 4575 4949 5417 5576 5484 5443 5997 6584 6864 7047 7325 7749 8337 9023 9419 9506 9720 9785 10058 10405 10548 10696 11195 11562 11542 11347 11231 11221 11659 11853 11287 10641 10204 9840 9262 8653 7919 6825 6130 5908 5506 4745 4159 3699 3234 2893 2395 1747 1112 711 461 226 
255 378 477 611 803 1075 1248 1345 1495 1741 2045 2163 2298 2424 2602 2684 2488 2302 2198 2096 2142 2171 2107 2112 2133 2133 2133 2010 1824 1732 1651 1629 1668 1843 1993 2054 2117 2179 2268 2440 2683 3002 3385 3640 3879 4136 4237 4490 4812 5031 5188 5280 5630 6047 6483 6789 6919 7179 7567 7914 8565 9311 9723 9668 9701 9866 10102 10522 10892 11149 11350 11317 11226 11205 11349 11438 11587 11526 11005 10371 9871 9239 8519 7949 7383 6466 5891 5595 5179 4523 3972 3576 3132 2670 2208 1656 987 628 450 226 
255 284 335 481 643 931 1116 1212 1366 1491 1616 1849 2061 2138 2277 2219 1966 1895 1901 1875 1890 1906 1955 2019 2040 2040 2022 1912 1755 1674 1624 1644 1753 1937 1938 1846 1929 2026 2156 2377 2741 3121 3471 3588 3582 3837 4091 4389 4716 4868 5047 5338 5930 6498 6737 6960 7334 7786 8191 8464 8917 9434 9664 9641 9771 10054 10207 10597 11085 11306 11315 11200 11219 11360 11486 11504 11412 11161 10590 9858 9121 8514 7936 7313 6723 6134 5743 5327 4771 4121 3589 3171 2808 2528 1994 1384 809 563 450 226 
255 255 274 354 466 739 932 1054 1210 1318 1410 1666 1894 1930 1950 1847 1628 1642 1763 1785 1785 1790 1864 1937 1986 2038 2010 1807 1654 1734 1830 1868 1962 2077 2069 2003 2067 2240 2593 2944 3141 3404 3659 3784 3816 4167 4558 4710 4830 4990 5502 6071 6431 6872 7100 7301 7706 8064 8548 9005 9391 9689 9687 9720 9897 10146 10296 10565 11077 11252 11140 11151 11397 11600 11536 11294 11123 10845 10073 9165 8424 8025 7552 6879 6285 5864 5395 4891 4414 3841 3284 2869 2602 2384 1731 1099 621 437 367 184 
255 255 255 255 326 597 848 970 1061 1155 1257 1491 1700 1756 1765 1734 1589 1577 1650 1663 1663 1663 1670 1677 1769 1939 2023 1807 1585 1725 1963 2051 2123 2191 2170 2135 2307 2625 3078 3430 3457 3615 3798 4025 4292 4556 4801 4916 5082 5421 5995 6455 6639 7003 7356 7718 7971 8108 8538 8975 9272 9710 9865 9944 10122 10410 10779 10903 11106 11203 11176 11387 11694 11545 11236 11077 10860 10400 9554 8707 8034 7689 7305 6658 5919 5402 4902 4474 4138 3625 3045 2745 2563 2252 1513 954 548 322 235 118 
255 255 255 255 326 516 702 886 1020 1098 1192 1299 1439 1589 1633 1648 1567 1530 1530 1530 1530 1530 1545 1572 1646 1655 1633 1604 1594 1782 2039 2157 2248 2321 2399 2550 2883 3179 3413 3690 3750 3936 4205 4465 4751 4859 4935 5090 5416 5903 6441 6855 6977 7243 7625 7867 8124 8386 8833 9259 9391 9845 10080 10240 10518 10668 10987 11247 11215 11192 11441 11704 11702 11307 10850 10681 10261 9540 8936 8391 7702 7218 6859 6290 5482 4932 4527 4134 3667 3277 2942 2681 2359 1933 1241 768 497 322 235 118 
235 247 255 257 304 395 516 706 904 970 996 1116 1275 1373 1451 1571 1526 1500 1500 1500 1500 1500 1549 1598 1636 1511 1369 1443 1683 1931 2157 2218 2312 2484 2785 3107 3438 3607 3675 3922 4112 4286 4589 4767 4899 5032 5301 5657 6015 6395 6792 7214 7375 7604 7940 8086 8459 8928 9303 9604 9705 10121 10416 10581 10879 11064 11156 11292 11375 11435 11554 11473 11162 10960 10595 10225 9751 9020 8447 7903 7212 6623 6077 5503 4934 4527 4108 3685 3257 2993 2733 2417 2053 1609 948 495 366 247 151 76 
62 179 255 287 351 415 453 503 668 778 784 969 1166 1219 1364 1524 1415 1368 1368 1368 1403 1440 1496 1450 1391 1356 1417 1575 1804 1962 2085 2144 2444 2829 3129 3305 3573 3816 3974 4175 4393 4551 4765 4839 4850 5048 5610 6205 6686 7006 7134 7500 7786 7876 8124 8357 8809 9390 9629 9817 9967 10348 10825 11030 11072 11208 11334 11420 11601 11765 11625 11282 10934 10741 10341 9739 9205 8580 7876 7189 6598 6075 5417 4938 4520 4080 3626 3227 3014 2830 2525 2147 1829 1320 652 305 230 104 0 0 
0 155 255 306 407 509 510 510 553 610 711 834 906 993 1208 1355 1200 1138 1138 1138 1230 1325 1373 1325 1280 1286 1576 1876 2029 2053 2194 2432 2887 3236 3423 3517 3659 3975 4365 4590 4724 4843 5007 5161 5272 5595 6110 6596 7041 7301 7440 7604 7956 8170 8425 8846 9316 9671 9875 10293 10703 10867 11036 11248 11267 11310 11471 11627 11689 11726 11431 11048 10758 10403 9803 9129 8535 7958 7394 6793 5936 5168 4711 4439 4231 3844 3356 2938 2759 2636 2431 1987 1519 1020 529 281 214 98 0 0 
0 137 232 301 407 509 510 510 510 532 626 676 676 728 829 914 834 823 904 931 1033 1198 1303 1333 1443 1602 1772 1946 2056 2142 2533 2897 3213 3482 3668 3791 3931 4229 4658 4902 5018 5016 5142 5435 5678 6121 6658 7029 7397 7603 7718 7748 8156 8616 8947 9356 9807 10158 10531 10863 11155 11246 11219 11364 11510 11532 11557 11770 11812 11542 11087 10636 10147 9663 9184 8705 8092 7478 6920 6304 5346 4684 4405 4087 3845 3385 2971 2726 2543 2359 2148 1562 1027 752 466 277 214 98 0 0 
0 72 177 352 448 509 510 510 510 510 511 511 511 511 402 389 503 592 725 766 868 1055 1193 1265 1438 1708 1835 2044 2299 2538 2910 3167 3316 3561 3746 3947 4182 4408 4683 4956 5189 5174 5301 5774 6226 6588 7070 7427 7837 8022 8133 8322 8627 9231 9705 9978 10250 10681 11123 11204 11147 11303 11297 11363 11630 11876 11926 11871 11651 11107 10545 10040 9506 9043 8637 8240 7848 7179 6232 5494 4809 4451 4258 3839 3476 3141 2742 2465 2367 2148 1713 1099 632 445 302 154 86 39 0 0 
0 101 230 363 441 510 510 510 510 510 510 510 471 397 317 295 435 563 684 792 910 1005 1087 1237 1401 1680 1919 2210 2650 3020 3235 3504 3788 4006 4185 4489 4600 4643 4774 5076 5433 5592 5726 6210 6966 7436 7765 8028 8278 8469 8654 9123 9469 9908 10394 10684 10901 11070 11144 11231 11177 11426 11677 11772 11962 12103 12033 11732 11280 10589 9855 9294 8998 8642 8041 7435 7061 6568 5560 4819 4418 4226 4101 3627 3071 2758 2529 2274 2042 1628 1089 744 438 255 194 77 0 0 0 0 
0 102 203 255 350 470 470 470 470 470 470 515 491 382 367 374 442 537 663 831 948 1064 1179 1377 1554 1887 2313 2726 3208 3589 3699 3921 4289 4490 4609 4830 4872 4994 5217 5507 5875 6271 6708 7092 7646 7992 8194 8428 8680 9106 9388 9832 10162 10396 10695 10926 11178 11288 11184 11224 11293 11683 12151 12173 12093 11886 11615 11210 10633 10061 9357 8714 8410 8145 7699 7012 6273 5762 5030 4479 4100 3771 3553 3231 2832 2586 2374 1952 1423 939 630 525 360 212 152 60 0 0 0 0 
0 102 203 255 273 297 303 309 312 312 312 408 490 513 510 559 629 688 725 791 851 1081 1350 1567 1727 2135 2764 3254 3629 4062 4181 4305 4618 4930 5067 5090 5188 5409 5805 6205 6608 7109 7778 8116 8326 8455 8654 8967 9290 9727 9929 10112 10439 10837 11203 11405 11372 11269 11348 11593 11753 11951 12043 11852 11665 11459 11193 10617 9829 9347 8881 8262 7810 7473 7205 6733 5884 5111 4457 4051 3854 3535 3129 2827 2594 2396 1992 1253 718 563 494 433 257 57 0 0 0 0 0 0 
0 102 203 255 255 255 324 393 428 428 428 461 493 510 510 586 693 765 765 765 836 1231 1673 2006 2335 2913 3532 3853 4066 4413 4523 4762 5154 5464 5639 5669 5851 6204 6723 7194 7769 8233 8642 8719 8737 8825 9075 9549 10021 10404 10511 10650 10946 11333 11614 11689 11694 11630 11639 11902 12123 11847 11510 11372 11262 11063 10595 9898 9137 8533 8212 7897 7564 7086 6485 5910 5276 4722 4154 3577 3398 3132 2761 2622 2410 1933 1376 858 548 510 412 276 178 57 0 0 0 0 0 0 
89 155 221 270 300 330 402 473 510 510 510 527 563 573 573 688 860 955 994 1070 1252 1696 2185 2754 3522 4234 4552 4610 4695 4914 5003 5438 5861 6018 6060 6145 6530 7126 7807 8268 8637 8941 9194 9294 9389 9562 9837 10200 10488 10649 10767 11071 11522 11831 11943 11907 11926 11957 11824 11646 11743 11592 11308 11156 10879 10326 9608 9089 8644 8129 7742 7409 7096 6685 5945 5208 4657 4156 3765 3421 3295 2980 2554 2349 1976 1317 836 565 301 203 152 94 61 20 0 0 0 0 0 0 
239 245 252 302 395 488 497 506 510 510 510 572 705 774 806 977 1271 1400 1493 1745 2166 2574 3041 3692 4611 5229 5211 5218 5347 5565 5727 5942 6174 6516 6793 7082 7613 8189 8681 9057 9278 9368 9662 9958 10180 10399 10687 10980 11194 11310 11400 11472 11799 12054 12197 12222 12140 11917 11626 11337 11287 11283 11169 10830 10233 9548 8836 8388 8116 7800 7461 7054 6534 5971 5341 4768 4264 3668 3386 3281 3146 2830 2274 1577 1026 672 431 223 75 9 0 0 0 0 0 0 0 0 0 0 
255 255 255 306 407 509 510 510 588 703 772 845 931 1041 1132 1264 1540 1761 2011 2401 3055 3674 4166 4687 5225 5535 5515 5718 5941 6170 6402 6427 6668 7329 7910 8351 8858 9272 9473 9655 9871 10101 10338 10590 10804 10919 11192 11436 11699 11897 12105 12327 12302 12209 12139 12010 11832 11443 11153 11139 11109 11029 10762 10301 9652 9022 8424 7948 7644 7376 7108 6633 5957 5281 4674 4243 3877 3496 3282 3049 2617 2161 1585 971 561 290 109 9 0 0 0 0 0 0 0 0 0 0 0 0 
255 271 287 338 437 552 561 570 693 881 1016 1159 1231 1340 1447 1559 1925 2455 3067 3606 4078 4593 4971 5285 5572 5840 6029 6203 6444 6740 7051 7321 7854 8495 8896 9161 9412 9739 9925 10022 10295 10713 10916 11013 11102 11171 11558 11962 12401 12609 12717 12940 12674 12315 11918 11559 11304 11036 10814 10848 10829 10573 10113 9543 8903 8382 7991 7585 7190 6923 6559 5878 5243 4601 4074 3814 3560 3366 3120 2655 2071 1426 822 489 233 49 0 0 0 0 0 0 0 0 0 0 0 0 0 0 
255 334 413 465 547 693 726 814 955 1031 1111 1330 1528 1704 1826 2038 2558 3260 4011 4579 4806 5121 5460 5680 5921 6209 6619 6867 7172 7495 7869 8356 8801 9066 9315 9583 9799 10150 10408 10586 10770 11089 11502 11636 11617 11661 12028 12567 13006 13146 12809 12507 12277 11977 11653 11264 10984 10809 10504 10440 10394 10000 9510 8865 8265 7873 7596 7185 6663 6166 5611 4988 4528 4073 3724 3605 3412 3083 2523 1818 1210 789 433 155 11 0 0 0 0 0 0 0 0 0 0 0 0 0 0 0 
255 357 475 623 721 796 816 959 1196 1258 1340 1651 2089 2432 2629 2999 3577 4169 4604 4872 5062 5501 5977 6324 6670 6966 7262 7565 7976 8325 8685 8994 9218 9451 9740 10157 10513 10914 11297 11395 11421 11550 11820 11927 12070 12376 12734 13025 13004 12914 12562 12103 11820 11456 11172 10852 10544 10338 10106 10073 9983 9540 8989 8216 7615 7249 6848 6514 6161 5430 4785 4295 3904 3661 3479 3343 3079 2491 1559 817 377 242 187 129 102 102 102 102 102 102 102 102 102 102 102 102 41 0 0 0 
260 360 494 781 988 1044 1078 1184 1406 1607 1928 2385 2804 3167 3521 3847 4380 4935 5265 5552 5912 6452 6916 7237 7529 7764 7968 8272 8698 9051 9384 9565 9755 10156 10514 10854 11146 11429 11767 11855 12006 12093 12117 12289 12599 13010 13289 13274 12719 12105 11852 11554 11245 10964 10735 10450 10117 10001 9958 9772 9375 8736 8174 7612 7063 6587 5992 5576 5275 4707 4201 3870 3651 3461 3166 2627 1978 1467 738 347 285 255 255 255 255 255 255 255 255 255 255 255 255 255 255 255 106 4 1 0 
417 454 526 810 1107 1279 1458 1653 1916 2231 2653 3064 3398 3877 4458 4775 5172 5549 5884 6334 6799 7297 7686 7919 8225 8364 8675 9095 9320 9528 10124 10520 10683 11043 11436 11664 11665 11668 11881 12242 12475 12578 12649 12832 12950 13134 13122 12831 12266 11580 11245 10953 10602 10487 10312 10114 9955 9835 9673 9282 8690 7819 7143 6787 6334 5827 5323 5022 4768 4214 3611 3386 3277 3007 2533 1811 1136 794 489 302 256 255 255 255 255 255 255 255 255 255 255 255 255 255 255 255 200 130 33 0 
444 536 654 953 1249 1533 1942 2407 2779 3034 3489 3872 4186 4607 5146 5691 6231 6560 6866 7248 7578 7942 8350 8605 8899 9059 9357 9693 9883 10054 10576 11046 11269 11570 11969 12237 12253 12158 12191 12419 12646 12865 13005 13155 13189 12976 12367 11715 11405 11051 10733 10485 10227 10106 9932 9742 9549 9220 8854 8384 7858 7222 6609 6174 5756 5251 4834 4588 4240 3730 3168 2944 2729 2216 1558 999 640 471 397 315 256 255 255 255 255 255 255 255 255 255 255 255 255 255 255 255 255 217 104 39 
286 575 882 1294 1665 2062 2528 3069 3478 3776 4404 4978 5361 5651 6021 6481 6784 7131 7638 7939 8172 8468 8815 9080 9485 9878 10196 10405 10559 10808 11095 11406 11790 12147 12275 12364 12662 12867 12879 12862 12860 12902 12958 13062 12920 12384 11751 11171 10836 10503 10202 10028 9956 9813 9668 9372 9053 8581 8047 7600 7026 6447 5996 5588 5207 4873 4631 4288 3684 3171 2662 2317 1937 1427 911 443 306 266 264 259 255 255 255 255 255 255 255 255 255 255 255 255 255 255 255 255 255 249 230 134 
255 786 1280 1667 2083 2683 3208 3677 4222 4727 5274 5817 6229 6564 6927 7208 7369 7683 8145 8512 8819 9057 9368 9725 10065 10326 10703 11064 11237 11552 11868 12273 12732 12993 12991 12905 12863 12958 13002 13020 13002 12879 12836 12743 12222 11487 11139 10888 10576 10266 10072 9909 9789 9556 9216 8801 8523 8112 7403 6734 6265 5894 5561 5168 4755 4404 3927 3474 3003 2639 2003 1397 1117 872 572 288 255 255 255 255 255 255 255 255 255 255 255 255 255 255 255 255 255 255 255 255 255 255 255 153 
357 1033 1659 2165 2720 3449 3991 4412 4967 5639 6153 6561 6905 7203 7479 7704 8056 8480 8832 9185 9502 9777 10168 10572 10917 11113 11419 11739 11915 12349 12850 13275 13386 13422 13464 13373 13173 13099 13064 12999 12858 12653 12426 12054 11591 11037 10762 10624 10392 10140 10015 9931 9745 9270 8580 8059 7812 7486 6847 6130 5644 5305 4942 4672 4399 4017 3461 2986 2558 2019 1460 1060 928 799 581 428 446 458 458 445 416 387 387 387 387 387 387 387 387 387 387 364 303 255 255 255 255 255 255 153 
540 1074 1613 2543 3562 4369 4919 5435 5798 6312 6759 7285 7642 7756 7952 8263 8723 9287 9749 10074 10294 10569 10964 11350 11871 12229 12416 12669 12938 13293 13642 13874 13794 13662 13680 13642 13494 13500 13368 13080 12695 12384 11904 11256 10956 10819 10713 10658 10550 10284 9992 9779 9511 9086 8502 7995 7440 6823 6251 5808 5413 5096 4716 4397 4125 3597 3033 2599 2241 1665 1372 1316 1309 1265 1117 964 1076 1152 1152 1115 1059 1028 1069 1066 1064 1060 1056 1056 1058 1030 995 803 534 405 351 286 255 255 255 153 
804 1266 1770 3025 4271 5051 5670 6257 6590 7015 7355 7750 8124 8396 8756 9173 9650 10252 10725 10983 11251 11545 11829 12114 12519 13031 13386 13620 13852 13931 14020 14074 13877 13646 13717 13856 13680 13553 13279 12905 12512 12214 11827 11273 10976 10939 10894 10693 10490 10368 10089 9628 9219 8879 8441 8044 7354 6583 5989 5413 5047 4936 4770 4525 4164 3383 2692 2357 2188 2064 1999 1911 1967 2014 1980 1895 2068 2205 2205 2175 2143 2112 2162 2180 2144 2032 1984 2061 2092 1976 1717 1357 1105 1048 909 680 467 286 255 153 
1092 1854 2623 3816 4933 5699 6287 6738 7065 7536 7931 8201 8698 9248 9713 10162 10643 11096 11466 11646 11974 12448 12788 12988 13333 13699 13919 14019 14144 14281 14417 14239 14026 13958 14022 14090 13874 13607 13262 12883 12624 12375 12139 11825 11538 11382 11280 11058 10851 10654 10296 9843 9346 8767 8208 7883 7416 6917 6566 6199 5924 5608 5354 4973 4338 3793 3430 3194 3016 3033 3106 3007 3045 3021 3086 3186 3314 3432 3435 3429 3419 3420 3463 3533 3453 3221 3041 3082 3057 2800 2327 2029 1940 1924 1756 1441 896 406 273 153 
869 2387 3828 4776 5585 6206 6815 7237 7695 8241 8682 9021 9493 9986 10509 10946 11381 11799 12223 12498 12718 13036 13291 13413 13652 13897 14025 14220 14552 14666 14535 14245 14178 14252 14202 14088 13909 13680 13404 13113 12983 12864 12662 12426 12143 11919 11718 11512 11333 11019 10659 10348 9899 9351 8981 8745 8362 7924 7604 7465 7278 6673 6267 6082 5688 5370 5091 4890 4687 4510 4519 4570 4578 4502 4464 4535 4627 4695 4688 4688 4688 4694 4658 4731 4717 4545 4425 4403 4318 4011 3446 3069 2914 2817 2544 2101 1421 889 509 221 
857 2769 4623 5624 6321 6775 7346 7815 8302 8930 9651 10194 10575 11015 11562 11899 12122 12442 12815 13179 13350 13443 13532 13687 13886 14023 14153 14372 14671 14688 14449 14374 14424 14424 14266 14058 13888 13758 13721 13593 13427 13319 13071 12857 12669 12483 12193 11778 11412 11112 10851 10611 10377 10007 9742 9605 9383 9159 8994 8889 8439 7867 7643 7661 7656 7505 7187 6972 6851 6631 6455 6414 6411 6324 6251 6219 6240 6204 6146 6196 6199 6254 6471 6702 6763 6647 6531 6411 6178 5597 4900 4358 3993 3741 3322 2662 2105 1626 910 392 
1512 3416 5322 6328 6955 7424 8012 8700 9227 9846 10606 11298 11671 11869 12216 12538 12828 13046 13266 13506 13617 13651 13725 13859 13991 14025 14197 14509 14712 14728 14556 14555 14611 14598 14532 14463 14415 14322 14291 14106 13779 13581 13453 13330 13247 13124 12903 12599 12265 12037 11842 11500 11321 11083 10819 10736 10512 10387 10392 10295 9910 9580 9433 9334 9377 9443 9411 9312 9284 9201 9071 8985 9012 9002 8999 8874 8791 8645 8493 8615 8569 8586 8802 8897 8864 8757 8499 8119 7616 6828 6177 5719 5301 4932 4567 3799 3080 2389 1362 651 
2294 3921 5685 6869 7619 8273 8779 9537 10207 10806 11391 11989 12355 12480 12721 12981 13245 13411 13545 13688 13770 13843 13966 14023 14086 14180 14251 14408 14615 14858 14890 14890 14894 14894 14894 14874 14840 14752 14709 14421 14014 13867 13851 13827 13815 13782 13737 13628 13418 13247 13161 13009 12839 12634 12422 12370 12223 12098 12049 11880 11586 11371 11268 11200 11259 11296 11299 11274 11274 11249 11225 11214 11191 11125 11111 11076 11024 10908 10813 10906 10883 10848 10831 10672 10472 10322 10042 9598 8996 8326 7889 7619 7330 6978 6573 5545 4082 3008 1891 979 
2652 4269 6041 7300 8212 9420 10083 10514 10910 11370 11832 12317 12727 13000 13142 13231 13312 13385 13513 13676 13770 13844 13968 14025 14127 14293 14317 14436 14693 14931 14984 14984 14984 14984 14984 14961 14872 14799 14797 14681 14507 14461 14461 14461 14461 14461 14540 14602 14540 14413 14337 14301 14030 13866 13860 13857 13837 13763 13651 13505 13345 13177 12998 12917 12969 12945 12814 12725 12725 12725 12725 12725 12650 12467 12342 12419 12482 12383 12288 12289 12296 12297 12293 12191 12018 11907 11756 11470 11002 10405 9823 9387 9124 8869 8253 6963 5283 3993 2689 1412 
3095 4674 6411 7860 8831 9935 10685 11095 11382 11789 12259 12666 12889 13023 13125 13196 13243 13300 13430 13610 13717 13789 13908 13962 14064 14281 14409 14560 14715 14798 14829 14829 14829 14829 14783 14728 14709 14696 14695 14690 14734 14777 14777 14777 14777 14777 14762 14683 14597 14661 14776 14767 14687 14635 14635 14635 14635 14607 14548 14492 14400 14286 14161 14081 14085 14076 14028 13995 13990 13923 13868 13868 13844 13735 13537 13404 13368 13269 13121 13006 12932 12901 12901 12895 12883 12848 12765 12673 12480 12189 11873 11324 10901 10667 10013 8558 6894 5337 3548 1848 
3024 5109 7134 8525 9444 10163 10720 11088 11327 11779 12319 12580 12619 12733 12880 12950 13075 13223 13357 13520 13658 13720 13803 13921 13992 14173 14426 14545 14560 14681 14780 14753 14739 14743 14683 14576 14543 14535 14535 14547 14657 14746 14774 14790 14790 14790 14776 14736 14702 14755 14840 14836 14804 14790 14790 14790 14790 14790 14790 14787 14772 14759 14759 14759 14759 14759 14759 14759 14751 14644 14550 14523 14504 14495 14403 14220 14091 13996 13849 13616 13469 13371 13306 13196 13148 13070 12956 12920 12826 12733 12720 12545 12356 12202 11840 10703 8931 7000 4894 2555 
2292 5269 7887 8914 9628 10366 10899 11061 11216 11764 12330 12481 12495 12589 12686 12692 12880 13127 13331 13518 13696 13750 13815 13973 14025 14153 14421 14523 14485 14512 14521 14397 14367 14443 14487 14512 14533 14535 14535 14537 14550 14592 14716 14790 14790 14790 14790 14790 14790 14790 14790 14875 14904 14893 14901 14910 14910 14910 14910 14910 14910 14910 14910 14910 14910 14910 14910 14910 14909 14895 14862 14740 14655 14655 14648 14639 14506 14400 14372 14278 14122 13855 13638 13264 13071 12975 12902 12882 12871 12859 12857 12809 12747 12721 12619 12233 11179 9238 6854 3549 
1818 5132 8121 9286 10011 10427 10664 10945 11332 11847 12267 12414 12495 12501 12573 12643 12740 12954 13189 13335 13447 13570 13756 13979 14059 14166 14349 14334 14214 14149 14128 14051 13979 14056 14281 14472 14535 14535 14535 14535 14535 14549 14605 14671 14753 14790 14790 14790 14790 14790 14790 14840 14872 14872 14955 15045 15045 15045 15045 15045 15045 15045 15045 15045 15045 15045 15045 15045 15045 15045 15035 14981 14918 14838 14790 14790 14648 14535 14535 14535 14439 14145 13851 13493 13290 13122 13076 13076 13076 13076 13047 12915 12780 12756 12726 12673 12371 11130 8968 4625 
2002 4941 7647 8936 9885 10311 10481 10990 11658 11945 12089 12290 12469 12495 12574 12656 12702 12784 12888 12958 13019 13277 13578 13712 13879 14049 14071 14021 14008 14025 14025 14007 13938 13944 14196 14456 14507 14511 14523 14581 14639 14640 14640 14696 14833 14895 14895 14895 14895 14895 14895 14895 14886 14859 14937 15031 15031 15056 15102 15105 15105 15105 15105 15105 15105 15105 15105 15105 15105 15105 15105 15105 15077 14982 14909 14869 14708 14595 14595 14586 14516 14274 13922 13647 13552 13413 13333 13276 13260 13260 13167 13020 12930 12845 12760 12750 12581 12017 10664 5591 
2117 4454 6659 7966 9101 9766 10170 10780 11461 11694 11809 12053 12307 12438 12485 12496 12588 12703 12750 12750 12801 13004 13178 13200 13425 13694 13695 13790 13953 14025 14025 14025 14025 14041 14144 14280 14365 14420 14515 14660 14764 14776 14787 14846 14983 15045 15045 15045 15045 15045 15045 15045 15004 14883 14854 14868 14868 14945 15087 15097 15097 15097 15097 15097 15097 15097 15097 15097 15097 15097 15097 15097 15097 15096 15040 14907 14700 14587 14587 14569 14450 14273 14006 13795 13703 13561 13446 13299 13260 13260 13250 13235 13124 12900 12714 12631 12378 11952 10915 5768 
1850 4032 6033 7025 7950 8891 9688 10342 10759 11204 11610 11826 12001 12190 12349 12416 12433 12515 12572 12572 12623 12695 12783 12860 13135 13416 13416 13595 13859 13973 14021 14025 14025 14025 14025 14076 14208 14300 14431 14540 14576 14670 14770 14807 14848 14920 15016 15024 14960 14938 14938 14934 14884 14785 14755 14774 14790 14832 14910 14916 14941 15021 15045 15045 15045 15045 15045 15045 15045 15045 15045 15045 15045 15045 14989 14855 14648 14535 14535 14531 14503 14428 14182 13971 13879 13702 13496 13299 13260 13260 13254 13237 13103 12936 12770 12445 12009 11478 10224 5311 
1705 3533 5135 6018 7008 8054 8803 9354 9782 10577 11230 11386 11424 11608 11853 11981 12092 12297 12394 12394 12435 12474 12617 12796 12978 13098 13194 13330 13476 13633 13806 13857 13861 13944 14025 14076 14208 14283 14306 14322 14322 14471 14648 14679 14679 14743 14857 14893 14802 14760 14760 14741 14636 14588 14588 14682 14760 14760 14760 14760 14805 14944 14998 15015 15015 15015 15015 15015 15015 15015 15015 15015 15015 15015 14959 14825 14618 14503 14497 14495 14495 14442 14183 13901 13738 13567 13396 13191 13096 13080 13025 12937 12864 12814 12709 12294 11632 10928 9541 4871 
762 2590 4160 5193 6226 7020 7604 8124 8597 9344 10032 10336 10452 10710 10982 11075 11309 11589 11793 11874 11902 12004 12186 12479 12754 12858 12971 13065 13130 13233 13393 13538 13604 13747 13903 13986 14089 14126 14054 14074 14113 14126 14094 14160 14217 14272 14371 14508 14579 14592 14577 14527 14406 14350 14350 14459 14549 14549 14549 14549 14563 14618 14746 14860 14860 14860 14860 14860 14860 14860 14860 14860 14860 14860 14804 14670 14463 14317 14217 14183 14167 14080 13791 13486 13273 13092 12990 12832 12783 12829 12839 12747 12688 12623 12380 11786 10927 10217 9127 4694 
255 1821 3266 4517 5487 6048 6586 7092 7442 7992 8661 9259 9651 10025 10311 10336 10487 10644 10906 11139 11291 11458 11592 11809 12147 12378 12453 12536 12684 12822 13007 13194 13280 13354 13469 13550 13611 13620 13584 13718 13842 13793 13678 13790 13904 13938 14007 14082 14113 14199 14200 14097 14106 14141 14159 14193 14226 14246 14261 14261 14261 14301 14492 14627 14701 14756 14765 14765 14765 14765 14765 14723 14694 14694 14607 14429 14256 14137 14028 13992 13908 13717 13380 13122 12915 12689 12587 12475 12528 12539 12386 12193 12084 11987 11642 11036 10283 9552 8581 4442 
255 1404 2521 3755 4751 5336 5694 6067 6460 7002 7568 8143 8729 9251 9549 9582 9663 9779 9965 10117 10352 10559 10659 10751 11035 11402 11498 11540 11638 11838 12131 12402 12517 12541 12599 12656 12769 12782 12791 12887 12897 12852 12843 12876 12908 12908 12962 13092 13122 13094 12986 13038 13259 13368 13405 13405 13429 13534 13609 13615 13620 13657 13772 13826 13988 14072 14105 14221 14401 14435 14435 14298 14206 14206 14027 13661 13412 13317 13286 13346 13329 13214 12955 12750 12623 12458 12356 12221 12133 11967 11689 11394 11124 10948 10726 10232 9458 8448 7240 3754 
194 766 1493 2811 3843 4462 4779 5167 5621 6052 6522 6989 7479 7982 8477 8782 8913 9015 9076 9037 9068 9196 9246 9284 9526 9909 10152 10249 10426 10712 10935 11137 11225 11259 11337 11465 11637 11766 11845 11971 12030 11996 12002 12036 12057 12057 12111 12213 12229 12159 12118 12362 12587 12655 12690 12690 12722 12828 12910 12969 13000 12925 12891 12827 12880 12989 13096 13298 13554 13589 13589 13496 13396 13370 13243 12906 12580 12444 12491 12601 12672 12667 12583 12449 12230 12001 11823 11628 11469 11224 11025 10820 10600 10394 10156 9557 8334 5875 3321 1648 
18 151 554 1809 2730 3201 3688 4249 4672 5039 5505 5954 6241 6499 7005 7475 7636 7609 7564 7506 7431 7415 7363 7361 7507 7760 8092 8214 8445 8774 8912 8955 8977 9051 9081 9123 9259 9451 9643 9840 10078 10240 10353 10488 10512 10496 10520 10539 10563 10589 10711 10856 10894 10984 11030 11007 11027 11149 11226 11288 11265 10979 10797 10657 10676 10898 11142 11386 11609 11698 11701 11622 11459 11372 11400 11323 11155 11071 11212 11292 11249 11240 11438 11521 11279 10998 10811 10686 10676 10464 10266 10135 9996 9724 9150 7931 6162 3259 304 23 
0 132 324 658 1207 1986 2824 3381 3594 3769 3917 4150 4435 4761 5135 5483 5567 5468 5503 5543 5599 5632 5583 5465 5482 5531 5616 5707 5844 5859 5842 5853 5921 6102 6268 6381 6351 6441 6628 6757 6937 7250 7447 7465 7319 7281 7421 7679 7865 7937 7976 8014 8022 7970 7859 7713 7543 7672 7782 7934 8064 7908 7835 7858 7838 7832 8033 8423 8818 9127 9117 8908 8749 8708 8767 8846 8819 8747 8806 8793 8606 8701 9137 9554 9856 9992 9863 9827 9914 9821 9629 9514 9410 9046 7816 4940 1993 817 72 0 
0 91 176 186 460 1041 1586 1878 1956 2013 2028 2110 2286 2518 2730 2914 2967 2935 2994 3034 3096 3131 3103 2996 2975 2975 2975 3040 3114 3026 2965 2965 3012 3150 3317 3443 3397 3438 3550 3604 3665 3835 3929 3890 3767 3745 3894 4187 4383 4429 4429 4429 4429 4356 4247 4122 3974 4069 4153 4296 4452 4424 4444 4521 4494 4419 4495 4730 4976 5196 5183 5000 4894 4894 4936 5015 5032 4999 5032 5002 4845 4903 5166 5404 5688 5873 5789 5772 5818 5779 5605 5474 5435 5267 4459 2428 394 0 0 0 
