60
0
100
100
0 0 0 0 151 940 2464 3658 4779 5911 6652 6918 6987 6792 6494 6375 6477 6630 6630 6630 6630 6630 6630 6630 6630 6630 6772 6738 6742 6864 6885 6897 7098 7473 7639 7650 7498 7523 7670 7785 7753 7653 7716 7978 8139 8160 8160 8160 8160 8375 8670 8672 8721 8855 8925 8925 8925 8573 8035 7951 7804 7653 7731 7823 7825 7765 7758 7861 7803 7663 7650 7903 8241 8045 7993 7967 7803 7701 7686 7683 7548 7453 7486 7303 6816 6467 6178 5402 4524 3332 2094 1293 301 0 0 0 0 0 0 0 
0 0 12 93 886 2884 4961 6221 6971 7565 8061 8358 8446 8290 8114 8064 8119 8230 8213 8235 8318 8318 8351 8450 8483 8483 8576 8615 8553 8561 8584 8507 8529 8855 9034 9063 9199 9279 9295 9292 9329 9343 9405 9593 9736 9742 9816 9899 9937 10106 10182 10119 10178 10288 10409 10505 10515 10510 10507 10581 10543 10492 10341 10077 9971 9847 9674 9789 10100 10261 10169 10220 10425 10344 10122 10142 10239 10191 10048 9892 9807 9630 9385 9136 8787 8348 7884 7403 6994 6442 5826 5233 4452 3880 3173 1945 579 0 0 0 
0 25 190 1040 2601 5045 7141 8427 9025 9276 9534 9763 9817 9687 9592 9592 9615 9674 9650 9699 9831 9878 10001 10150 10199 10199 10264 10339 10229 10194 10292 10256 10219 10508 10664 10687 10864 10899 10832 10784 10960 11140 11223 11337 11472 11560 11711 11809 11851 11947 11976 11979 12047 12143 12216 12274 12280 12424 12678 12884 12961 12984 12731 12336 12191 12034 11791 11745 12016 12240 12118 12046 12126 12054 11798 11868 12022 11960 11754 11511 11397 11198 10857 10552 10280 9881 9376 8940 8705 8539 8264 7845 7299 6590 5594 4146 2319 944 192 49 
0 122 697 3393 6040 7708 8703 9535 10108 10354 10520 10632 10643 10596 10561 10561 10662 10736 10724 10747 10767 10900 11158 11264 11293 11293 11316 11357 11352 11383 11551 11759 11893 12130 12214 12221 12238 12221 12192 12188 12397 12652 12772 12895 13082 13316 13496 13519 13523 13529 13759 13986 14007 14031 14036 14036 14036 14050 14119 14267 14384 14499 14534 14516 14390 14221 14064 13665 13424 13449 13362 13267 13179 12978 12832 12816 12734 12611 12422 12158 11868 11671 11487 11205 11007 10885 10688 10083 9578 9246 8779 8431 8158 7743 7179 6527 5409 3257 803 227 
92 1900 3799 6001 8007 9265 9913 10229 10471 10761 11050 11182 11238 11238 11258 11289 11411 11525 11573 11645 11697 11733 11853 11875 11972 12084 12150 12247 12406 12506 12692 12869 13023 13207 13302 13387 13504 13564 13610 13672 13731 13876 14038 14135 14257 14365 14433 14442 14442 14473 14629 14738 14738 14738 14738 14738 14738 14738 14745 14766 14814 14921 15026 15095 14974 14855 14761 14517 14304 14165 13958 13773 13659 13528 13442 13368 13266 13084 12893 12708 12431 12175 11952 11800 11747 11659 11509 11138 10702 10107 9508 9201 8950 8578 8128 7561 6781 5317 3301 1589 
331 3941 7240 8597 9349 10108 10752 10965 11000 11187 11385 11443 11483 11487 11564 11678 11753 11951 12175 12336 12487 12478 12491 12491 12605 12810 13064 13317 13533 13647 13817 14038 14172 14272 14378 14493 14564 14597 14684 14801 14827 14888 14983 14993 14993 14993 14993 14993 14993 15080 15221 15222 15222 15222 15222 15222 15222 15222 15222 15222 15227 15243 15248 15245 15213 15136 15006 14963 14907 14737 14445 14175 14141 14093 13974 13859 13749 13508 13290 13200 13055 12796 12419 12229 12200 12113 12012 11872 11535 10943 10355 9972 9581 9230 8914 8376 7647 6740 5480 2903 
652 4786 8456 9811 10407 11012 11552 11698 11749 11853 11891 11940 12020 12118 12205 12313 12450 12626 12756 12896 13188 13318 13362 13362 13378 13519 13829 14212 14441 14532 14577 14775 14885 14904 14936 14969 14973 14973 15001 15037 15045 15045 15045 15045 15079 15154 15167 15167 15167 15217 15299 15300 15300 15300 15300 15300 15300 15300 15300 15300 15300 15300 15300 15300 15300 15251 15150 15087 15015 14853 14622 14442 14336 14242 14102 14015 13970 13794 13580 13508 13448 13245 12782 12414 12292 12240 12235 12072 11785 11376 10828 10372 10014 9807 9602 8860 7959 7372 6595 3608 
2999 6645 9781 10727 11170 11696 12029 12088 12181 12295 12329 12385 12500 12689 12817 12953 13131 13287 13334 13509 13916 14256 14345 14345 14345 14535 14780 14918 14976 14980 14988 15033 15060 15060 15060 15060 15060 15060 15060 15060 15060 15060 15060 15060 15127 15276 15300 15300 15300 15300 15300 15300 15300 15300 15300 15300 15300 15300 15300 15300 15300 15300 15300 15300 15300 15294 15281 15153 15015 14859 14727 14665 14482 14300 14108 14025 14019 13914 13758 13647 13559 13344 12860 12493 12394 12343 12291 12099 11833 11531 11198 10799 10400 10164 9943 9296 8582 8001 7129 3893 
5370 8298 10826 11367 11553 11945 12251 12406 12645 12815 12923 13032 13115 13217 13438 13783 14092 14307 14349 14451 14619 14882 14981 14981 14981 15089 15199 15204 15207 15207 15207 15207 15207 15207 15207 15207 15207 15207 15207 15207 15207 15207 15207 15207 15233 15291 15300 15300 15300 15300 15300 15300 15300 15300 15300 15300 15300 15300 15300 15300 15300 15300 15300 15300 15300 15300 15300 15163 15015 14865 14790 14789 14655 14432 14127 14025 14025 13936 13796 13710 13648 13424 12899 12542 12495 12461 12369 12136 11853 11580 11374 11015 10568 10304 10119 9709 9232 8615 7643 4153 
4132 7907 11204 11834 12059 12364 12590 12775 13150 13492 13676 13939 14047 14054 14225 14522 14723 14890 14943 14944 15016 15233 15300 15300 15300 15300 15300 15300 15300 15300 15300 15300 15300 15300 15300 15300 15300 15300 15300 15300 15300 15300 15300 15300 15300 15300 15300 15300 15300 15300 15300 15300 15300 15300 15300 15300 15300 15300 15300 15300 15300 15300 15300 15300 15300 15300 15300 15163 15015 14865 14790 14790 14739 14578 14223 14058 14025 13936 13796 13765 13760 13536 12953 12542 12495 12486 12457 12288 11965 11630 11399 11062 10630 10366 10186 9858 9430 9002 8224 4443 
2782 7485 11576 12335 12627 13008 13277 13462 13659 13932 14237 14519 14611 14687 14764 14841 14873 15016 15202 15223 15239 15289 15300 15300 15300 15300 15300 15300 15300 15300 15300 15300 15300 15300 15300 15300 15300 15300 15300 15300 15300 15300 15300 15300 15300 15300 15300 15300 15300 15300 15300 15300 15300 15300 15300 15300 15300 15300 15300 15300 15300 15300 15300 15300 15300 15300 15300 15163 15015 14865 14790 14790 14790 14686 14312 14090 14025 13936 13796 13770 13770 13573 13037 12666 12567 12515 12490 12345 12007 11648 11399 11062 10630 10366 10186 9858 9491 9206 8382 4499 
2382 6923 10970 12317 12988 13436 13778 13978 14121 14358 14658 14760 14824 14954 15020 15082 15100 15158 15280 15300 15300 15300 15300 15300 15300 15300 15300 15300 15300 15300 15300 15300 15300 15300 15300 15300 15300 15300 15300 15300 15300 15300 15300 15300 15300 15300 15300 15300 15300 15300 15300 15300 15300 15300 15300 15300 15300 15300 15300 15300 15300 15300 15300 15300 15300 15300 15300 15163 15015 14865 14790 14790 14790 14686 14312 14090 14025 13936 13796 13770 13770 13599 13115 12790 12638 12534 12490 12345 12007 11648 11399 11062 10630 10366 10186 9867 9552 9339 8379 4455 
1483 5137 8733 11596 13224 13737 14041 14290 14516 14669 14790 14911 15004 15040 15114 15275 15300 15300 15300 15300 15300 15300 15300 15300 15300 15300 15300 15300 15300 15300 15300 15300 15300 15300 15300 15300 15300 15300 15300 15300 15300 15300 15300 15300 15300 15300 15300 15300 15300 15300 15300 15300 15300 15300 15300 15300 15300 15300 15300 15300 15300 15300 15300 15300 15300 15300 15300 15163 14995 14816 14729 14729 14729 14625 14267 14075 14025 13936 13796 13770 13770 13599 13115 12790 12638 12534 12490 12345 12007 11648 11399 11062 10630 10366 10186 9890 9614 9408 8299 4368 
600 3690 6830 9859 12031 13415 14181 14489 14712 14765 14765 14917 15020 15124 15218 15267 15275 15275 15275 15275 15275 15275 15275 15275 15275 15275 15275 15275 15275 15275 15275 15275 15275 15275 15275 15275 15275 15275 15275 15275 15275 15275 15275 15275 15275 15266 15256 15250 15250 15250 15250 15250 15250 15250 15250 15250 15249 15248 15248 15248 15248 15248 15248 15248 15248 15248 15248 15111 14882 14609 14485 14485 14485 14381 14082 14001 14017 13936 13796 13770 13770 13599 13115 12791 12655 12566 12518 12358 12007 11648 11399 11062 10630 10366 10186 9909 9591 9241 8110 4286 
327 3056 5827 8013 9802 11818 13169 13741 14037 14099 14114 14276 14433 14532 14599 14599 14599 14599 14599 14571 14499 14432 14432 14432 14432 14432 14432 14432 14432 14432 14432 14417 14407 14407 14407 14407 14422 14432 14432 14432 14432 14402 14371 14334 14274 14203 14116 14071 14071 14071 14071 14014 14005 14036 14036 14067 14000 13893 13892 13958 14031 14031 14039 14055 14056 14051 13997 13822 13706 13607 13576 13597 13600 13488 13258 13363 13601 13660 13541 13595 13673 13502 13018 12698 12662 12685 12622 12404 12007 11648 11399 11062 10630 10366 10171 9802 9419 8984 7828 4158 
902 2843 4700 6233 7882 9510 10642 11322 11715 11962 12165 12279 12479 12561 12628 12631 12631 12678 12743 12755 12684 12617 12617 12617 12617 12617 12623 12704 12769 12769 12769 12656 12579 12579 12515 12412 12508 12579 12536 12513 12537 12463 12283 12132 11981 11912 11831 11802 11802 11802 11802 11723 11771 11849 11771 11816 11803 11671 11763 11922 12057 12073 12206 12389 12408 12441 12328 12106 12085 12136 12140 12186 12255 12034 11952 12248 12598 12799 12884 13236 13492 13341 12860 12542 12607 12750 12679 12430 12007 11648 11399 11059 10620 10354 10136 9628 9202 8820 7575 3988 
1093 2353 3512 4614 6066 7463 8555 9157 9447 9744 10136 10324 10450 10626 10772 10777 10777 10837 10920 10971 10971 10971 10971 10971 10955 10933 10939 11069 11175 11117 10972 10803 10727 10723 10625 10426 10432 10463 10394 10275 10160 10055 9915 9813 9769 9657 9535 9491 9428 9414 9362 9298 9423 9500 9401 9391 9496 9556 9697 9748 9772 9680 9779 10020 10172 10356 10431 10383 10315 10368 10441 10541 10757 10568 10570 11093 11608 12032 12423 12900 13189 13126 12708 12516 12607 12750 12679 12430 12007 11648 11399 10997 10366 10031 9839 9486 9137 8567 7089 3697 
1153 2033 2862 3662 4587 5624 6763 7340 7552 7826 8179 8404 8481 8572 8629 8634 8634 8644 8657 8631 8590 8564 8553 8548 8475 8377 8360 8471 8564 8417 8058 7867 7829 7730 7531 7354 7196 7141 7132 7028 6872 6791 6791 6791 6756 6646 6574 6555 6449 6406 6270 6122 6272 6353 6318 6344 6558 6768 6890 6918 6911 6721 6715 6888 7177 7476 7583 7514 7448 7611 7862 8096 8576 8935 9256 9854 10420 11130 11782 12396 12838 12821 12489 12554 12662 12750 12702 12489 12089 11693 11349 10891 10222 9856 9676 9391 8972 8154 6749 3560 
1122 1987 2786 3075 3417 4170 5258 5864 6213 6519 6635 6696 6705 6711 6795 6865 6865 6861 6801 6683 6575 6460 6354 6305 6272 6228 6224 6240 6183 6108 5973 5855 5728 5568 5281 5035 4721 4606 4606 4591 4575 4575 4519 4444 4336 4199 4198 4233 4217 4210 4146 4134 4318 4381 4304 4278 4418 4569 4710 4834 4951 4926 5108 5405 5696 6004 6094 5915 5876 6063 6288 6565 7222 7899 8394 9059 9732 10563 11359 12171 12692 12701 12415 12583 12713 12750 12738 12583 12213 11751 11264 10772 10203 9856 9647 9145 8555 7775 6419 3368 
848 1682 2369 2574 2978 3531 4066 4523 4884 5023 5127 5213 5229 5233 5337 5405 5391 5380 5235 5129 5083 5034 4988 4967 4921 4852 4799 4682 4542 4498 4260 3996 3867 3816 3674 3485 3355 3301 3301 3301 3301 3301 3211 3007 2803 2634 2526 2509 2509 2522 2545 2715 2911 2955 2923 2903 3008 3127 3285 3411 3581 3664 4015 4478 4812 4990 5067 4937 4928 5145 5434 5799 6488 7181 7804 8666 9497 10299 11099 11969 12427 12597 12387 12467 12659 12750 12745 12600 12183 11601 11198 10772 10176 9661 9305 8733 8098 7399 6081 3178 
613 1282 1818 2209 2810 3221 3346 3577 3858 3928 4070 4255 4335 4336 4336 4256 4184 4177 4077 4058 4082 4082 4082 4078 3883 3599 3421 3180 3063 3047 2804 2525 2426 2368 2268 2162 2128 2109 2093 2093 2052 2001 1969 1866 1729 1578 1369 1327 1327 1327 1327 1505 1778 1915 2033 2126 2236 2331 2489 2615 2806 2927 3252 3659 3976 4125 4251 4186 4157 4444 4907 5330 6184 6940 7625 8655 9534 10191 10936 11823 12249 12657 12576 12471 12647 12750 12741 12521 12064 11483 11134 10730 10112 9422 8953 8412 7817 7139 5766 3015 
152 748 1297 1846 2464 2913 3148 3318 3539 3595 3646 3744 3800 3800 3781 3708 3657 3656 3642 3740 3822 3813 3812 3803 3269 2511 2318 2233 2192 2188 2160 2030 1843 1708 1554 1392 1239 1162 1098 1098 998 872 848 848 834 785 713 696 696 696 696 875 1215 1420 1600 1705 1738 1823 1981 2107 2298 2420 2730 3109 3541 3848 4057 4116 4215 4465 4928 5429 6393 7194 7888 8840 9604 10203 10936 11823 12239 12691 12676 12493 12634 12733 12719 12383 11872 11332 11025 10551 9825 9220 8829 8060 7255 6640 5382 2808 
0 514 1093 1605 2014 2582 2886 3015 3161 3198 3198 3198 3198 3198 3198 3198 3198 3198 3141 3066 2928 2820 2809 2792 2396 1771 1598 1559 1551 1498 1308 1156 1073 1035 911 743 623 569 522 522 485 438 429 429 429 429 429 429 429 429 429 608 913 1027 1179 1256 1256 1351 1549 1714 1910 2010 2448 2893 3300 3692 3942 4110 4376 4522 4865 5401 6365 7385 8304 9071 9687 10322 10945 11742 12158 12610 12595 12392 12460 12562 12554 12318 11845 11286 10977 10463 9663 8996 8522 7725 6864 6253 5043 2578 
0 400 906 1367 1691 2220 2530 2631 2638 2641 2641 2641 2641 2641 2641 2641 2641 2641 2580 2322 1973 1886 1847 1726 1461 1111 976 884 857 728 502 374 338 338 319 291 286 286 286 286 286 286 286 286 286 286 286 274 220 199 199 378 689 819 974 1051 1051 1159 1412 1632 1930 2132 2465 2834 3202 3617 3894 4070 4356 4522 4884 5344 6237 7377 8401 9139 9777 10449 10937 11695 12131 12505 12402 12150 12303 12495 12490 12297 11845 11232 10779 10288 9610 8895 8287 7451 6647 6103 4940 2505 
0 299 555 845 1379 1821 2019 2122 2122 2122 2122 2099 2001 1970 1970 1970 1970 1970 1970 1871 1704 1653 1529 1205 821 566 475 440 421 339 277 261 255 255 255 255 255 255 255 255 255 255 255 255 255 255 255 223 78 21 21 200 546 767 943 1020 1020 1128 1381 1601 1989 2331 2582 2914 3301 3752 4117 4197 4346 4633 5216 5675 6448 7550 8539 9276 9913 10604 11039 11813 12352 12551 12302 12072 12312 12495 12490 12292 11795 11052 10530 10030 9329 8515 7758 7149 6603 6083 4934 2505 
0 167 278 501 1038 1507 1722 1824 1847 1850 1850 1822 1697 1658 1658 1658 1658 1658 1658 1590 1405 1151 833 469 259 161 128 128 128 128 128 128 128 128 128 128 128 128 128 128 128 128 128 128 128 128 128 110 31 0 0 182 568 818 962 1042 1066 1186 1416 1612 1989 2340 2615 3062 3545 3945 4354 4389 4397 4768 5600 6243 7019 8028 8833 9402 9991 10690 11100 11909 12618 12561 12230 12182 12386 12466 12438 12150 11514 10794 10437 9875 8995 7930 7117 6839 6463 5791 4708 2419 
107 204 278 382 662 1127 1345 1436 1517 1526 1529 1540 1535 1527 1441 1359 1348 1348 1348 1315 1112 674 307 70 4 0 0 0 0 0 0 0 0 0 0 0 0 0 0 0 0 0 0 0 0 0 0 0 0 0 0 189 654 941 1006 1096 1177 1328 1513 1720 2053 2340 2615 3094 3661 4195 4551 4453 4458 4922 5735 6397 7366 8464 9144 9556 10055 10714 11091 11820 12608 12550 12196 12183 12375 12396 12282 11787 11134 10640 10244 9602 8760 7694 6889 6625 6260 5413 4115 2079 
232 247 298 427 624 944 1066 1116 1166 1171 1189 1285 1359 1355 1219 1033 967 967 967 952 830 442 204 52 0 0 0 0 0 0 0 0 0 0 0 0 0 0 0 0 0 0 0 0 0 0 0 0 0 0 0 191 682 981 1020 1109 1237 1443 1651 1936 2219 2431 2705 3181 3739 4287 4590 4499 4581 5038 5717 6317 7352 8509 9250 9811 10391 10957 11305 11849 12488 12539 12225 12199 12376 12320 12135 11605 10977 10467 9951 9325 8455 7483 6808 6497 5995 5087 3737 1859 
62 188 316 498 650 801 817 817 817 817 833 916 980 979 929 823 765 765 765 661 559 337 163 42 0 0 0 0 0 0 0 0 0 0 0 0 0 0 0 0 0 0 0 0 0 0 0 0 0 0 0 191 687 993 1039 1122 1321 1690 1992 2174 2360 2639 2969 3473 3972 4356 4639 4725 4962 5396 5963 6516 7526 8584 9283 10002 10693 11136 11505 12168 12644 12645 12384 12343 12412 12129 11816 11416 10823 10219 9563 8885 7965 7181 6632 6152 5557 4865 3688 1849 
0 167 349 630 742 765 765 765 765 765 766 769 771 771 770 767 765 741 669 577 510 229 31 8 0 0 0 0 0 0 0 0 0 0 0 0 0 0 0 0 0 0 0 0 0 0 0 0 0 0 0 191 746 1193 1333 1387 1541 1859 2274 2473 2595 2920 3334 3782 4245 4466 4677 4914 5258 5622 6353 7197 8176 8947 9462 10141 10770 11288 11885 12530 12832 12830 12572 12376 12166 11995 11839 11429 10698 9991 9273 8618 7762 7087 6550 5983 5398 4818 3688 1849 
0 151 340 660 765 765 765 765 765 765 765 765 765 765 765 765 751 690 538 510 510 206 0 0 0 0 0 0 0 0 0 0 0 0 0 0 0 0 0 0 0 0 0 0 0 0 0 0 0 0 13 244 836 1337 1524 1581 1744 1960 2374 2672 2829 3211 3721 4096 4493 4653 4832 5026 5453 5992 6912 7788 8638 9300 9699 10268 10794 11484 12375 12888 12984 12950 12633 12320 12002 11869 11732 11383 10646 9803 9012 8388 7569 6926 6425 5958 5352 4653 3461 1735 
0 68 263 666 765 765 765 765 765 765 765 765 765 765 765 765 656 556 517 505 498 201 0 0 0 0 0 0 0 0 0 0 0 0 0 0 0 0 0 0 0 0 0 0 0 0 0 0 0 0 86 476 1033 1380 1524 1602 1812 2063 2473 2821 3030 3326 3773 4177 4674 5064 5353 5351 5676 6289 7209 7940 8693 9442 9880 10206 10728 11487 12389 12944 13078 13013 12544 12147 11871 11734 11512 11079 10362 9652 8956 8217 7367 6767 6229 5817 5058 4122 2897 1457 
0 212 468 727 765 765 765 765 765 765 765 765 765 701 653 653 574 510 510 449 358 144 0 0 0 0 0 0 0 0 0 0 0 0 4 35 51 51 51 51 51 51 51 51 51 51 51 51 51 119 367 798 1253 1494 1640 1806 2084 2409 2790 3017 3185 3410 3835 4318 4815 5267 5689 5719 5931 6413 7274 7991 8741 9482 10040 10341 10882 11841 12574 13000 13193 13018 12439 12015 11783 11725 11459 10839 10199 9621 8889 8124 7372 6782 6085 5506 4760 3768 2613 1332 
0 304 582 732 737 737 737 737 737 737 737 737 737 606 510 510 510 510 510 362 140 57 0 0 0 0 0 0 0 0 0 0 0 0 16 142 203 203 203 203 203 203 203 203 203 203 203 203 203 343 713 1113 1498 1711 1953 2229 2446 2650 2900 3195 3497 3621 3905 4411 4952 5457 5849 5996 6336 6836 7569 8201 8947 9578 10235 10713 11376 12405 12888 13084 13154 12888 12464 12126 11924 11843 11519 10944 10439 9880 9037 8130 7340 6669 5912 5343 4716 3690 2471 1260 
0 304 528 565 567 567 567 567 567 567 567 567 567 534 510 510 510 510 510 306 0 0 0 0 0 0 0 0 0 0 0 0 0 47 114 209 255 255 255 255 255 255 255 255 255 255 255 255 294 487 813 1165 1550 1802 2140 2478 2672 2812 3102 3431 3767 3971 4149 4522 5038 5593 6030 6296 6771 7261 7823 8483 9244 9709 10327 10892 11698 12748 13072 12992 12951 12610 12333 12179 12039 11726 11234 10876 10526 9798 8888 8110 7394 6742 6100 5586 4785 3667 2490 1279 
0 304 510 510 510 510 510 510 510 510 510 510 510 510 510 510 510 497 459 268 0 0 0 0 0 0 0 0 0 0 0 0 0 117 255 255 255 255 255 276 316 355 357 357 357 357 359 417 606 863 1033 1279 1684 2100 2474 2671 2802 3078 3427 3659 3982 4331 4502 4811 5372 5847 6216 6470 6917 7426 7992 8645 9334 9839 10598 11437 12242 12965 13191 13081 12903 12488 12268 12226 12028 11493 11006 10784 10371 9418 8572 8125 7368 6705 6246 5788 4898 3648 2421 1241 
102 345 510 510 510 510 510 510 510 510 510 510 510 510 510 510 510 449 267 123 0 0 0 0 0 0 0 0 0 0 0 33 128 199 258 261 265 265 265 316 423 548 571 571 597 670 708 861 1143 1314 1331 1520 2012 2575 2842 2927 3076 3437 3712 3872 4140 4464 4699 5107 5628 6063 6502 6805 7210 7647 8245 8833 9513 10165 10885 11902 12761 13047 13006 13019 12802 12382 12207 12083 11730 11257 10952 10655 10004 9081 8371 7883 6976 6310 5983 5430 4687 3677 2298 1111 
243 402 510 510 510 510 510 510 510 510 510 510 510 510 510 510 510 408 104 0 0 0 0 0 0 0 0 0 0 0 56 159 311 344 389 456 517 525 538 557 631 764 833 833 879 1007 1070 1185 1327 1474 1575 1801 2421 3028 3235 3441 3611 3770 4003 4226 4500 4832 5079 5531 6055 6555 7055 7254 7487 7777 8253 8938 9877 10592 11113 12042 12780 12978 12886 12837 12637 12324 12194 11991 11561 11163 10901 10413 9622 8943 8338 7774 6896 6197 5769 4899 4022 3371 2191 1048 
77 335 510 510 510 510 510 510 510 510 510 510 510 510 510 510 513 416 114 10 10 10 10 10 10 10 5 0 0 25 245 458 557 565 610 677 739 798 915 988 1091 1195 1243 1225 1200 1227 1254 1348 1442 1611 1759 2150 2911 3438 3627 3911 4148 4224 4381 4629 5044 5496 5718 6154 6668 7096 7479 7571 7734 7956 8301 9059 10091 10802 11328 12188 12775 12921 12867 12638 12347 12198 12140 11833 11247 10971 10836 10248 9477 9041 8325 7519 6894 6354 5831 4767 3638 3003 2180 1124 
0 304 510 510 510 510 510 510 510 510 510 510 510 510 510 510 507 469 243 157 157 157 157 157 157 186 151 115 115 191 478 716 788 812 815 819 824 894 1063 1218 1420 1519 1519 1465 1334 1275 1280 1406 1557 1827 2129 2587 3285 3799 4070 4252 4553 4809 4886 4975 5390 5903 6214 6697 7140 7416 7712 7812 8006 8261 8619 9419 10322 10984 11405 12202 12858 12926 12745 12534 12281 12085 11884 11602 11176 10883 10683 10171 9442 9055 8391 7545 7150 6606 5909 4899 3579 2762 2042 1085 
0 304 510 510 510 510 510 510 510 510 510 510 510 510 524 550 475 427 307 255 255 255 255 255 255 319 316 337 391 487 738 928 1039 1121 1121 1121 1230 1391 1458 1506 1591 1632 1632 1609 1582 1613 1673 1873 2124 2321 2602 3116 3771 4231 4450 4565 4814 5076 5154 5261 5598 6132 6588 7116 7537 7688 7848 7930 8062 8277 8771 9693 10476 11219 11768 12330 12817 12973 12750 12585 12423 12297 12019 11678 11407 11175 11096 10672 9860 9521 9005 8116 7722 7132 6248 5203 3734 2779 1978 1047 
139 261 378 476 510 510 510 510 510 510 510 510 510 510 499 503 507 450 307 255 283 340 394 394 394 423 469 611 816 1030 1194 1319 1425 1523 1549 1572 1725 1881 1833 1785 1846 1931 1937 1937 2008 2171 2346 2551 2736 2822 3088 3582 4204 4710 5009 5093 5195 5354 5417 5637 6027 6587 7098 7522 7872 8007 8127 8100 8148 8445 9162 10067 10863 11729 12325 12651 12934 13145 13038 12908 12713 12508 12320 12150 11952 11614 11378 11040 10319 9969 9443 8526 8158 7531 6502 5408 4121 3192 2157 1102 
230 245 291 398 465 510 510 510 510 510 510 510 517 519 500 477 495 439 302 255 306 410 510 510 510 510 581 792 1085 1411 1548 1647 1718 1845 1949 2044 2114 2118 2062 2052 2159 2313 2356 2356 2455 2686 2886 3054 3181 3316 3620 3892 4468 5127 5533 5658 5679 5695 5717 6063 6540 6994 7410 7747 8044 8200 8361 8330 8422 8936 9943 10706 11276 12205 12902 12988 13032 13240 13268 13180 12985 12755 12612 12380 12101 11833 11564 11265 10663 10246 9795 8895 8273 7548 6567 5602 4558 3647 2539 1297 
90 188 258 265 365 510 510 510 510 510 510 510 519 498 507 507 411 327 273 255 306 410 523 594 639 663 760 955 1234 1490 1666 1785 1856 1993 2121 2243 2295 2312 2395 2511 2612 2743 2834 2834 2944 3234 3543 3661 3721 3862 4234 4527 4951 5335 5594 5705 5780 5860 5886 6421 7125 7480 7710 7905 8108 8274 8449 8507 8729 9335 10326 10990 11523 12476 13139 13223 13239 13302 13249 13231 13099 12878 12735 12365 11908 11713 11297 10867 10531 10107 9884 9222 8313 7400 6471 5755 4835 3913 2956 1556 
0 152 255 255 296 358 358 358 358 419 536 514 499 501 510 510 358 255 255 264 326 430 553 682 765 899 1123 1267 1406 1501 1670 1785 1856 1993 2121 2243 2311 2450 2697 2905 3012 3064 3110 3141 3246 3467 3781 3866 3922 4113 4562 4992 5420 5612 5633 5648 5753 5958 6078 6645 7410 7735 7858 7984 8257 8544 8717 8808 9066 9583 10414 11024 11644 12422 13056 13243 13328 13370 13216 13110 13042 12854 12689 12363 11991 11814 11160 10548 10334 9978 9650 9100 8213 7250 6411 5960 5205 4294 3304 1728 
0 152 255 255 255 255 255 255 255 332 498 516 561 618 638 638 486 383 383 458 599 645 697 768 892 1099 1340 1430 1451 1518 1826 2065 2186 2390 2496 2552 2627 2817 3035 3276 3417 3436 3479 3643 3813 3874 3984 4065 4307 4676 5021 5348 5684 5816 5852 5907 5982 6256 6612 7097 7645 8011 8213 8320 8697 9040 9130 9282 9675 9965 10487 11270 12160 12754 13215 13357 13464 13537 13426 13272 13166 12967 12737 12591 12433 12291 11595 10863 10516 10037 9411 8681 7777 6973 6263 5773 5222 4613 3796 2001 
0 107 194 240 255 255 255 255 255 265 332 448 612 726 735 689 582 529 589 716 877 835 791 863 1118 1307 1474 1590 1601 1680 1954 2258 2575 2841 2919 3029 3188 3320 3398 3504 3570 3698 3875 4013 4129 4186 4238 4405 4769 5097 5320 5548 5783 5899 6033 6211 6353 6754 7273 7597 7893 8302 8676 8891 9203 9383 9537 9793 10111 10355 10635 11374 12447 13034 13359 13480 13590 13615 13584 13492 13367 13132 12827 12781 12581 12254 11662 11103 10784 10232 9504 8598 7511 6677 6019 5512 5078 4704 3935 2054 
0 23 82 211 255 255 255 255 265 306 423 578 689 746 679 549 526 580 773 905 989 950 957 1067 1310 1434 1568 1760 1809 1882 2026 2275 2624 2830 2944 3186 3437 3546 3570 3617 3672 3806 3982 4076 4203 4332 4479 4821 5174 5416 5709 5894 6047 6266 6519 6649 6726 7165 7637 7835 8040 8444 8907 9185 9414 9501 9859 10320 10458 10539 10827 11540 12528 13062 13351 13567 13746 13768 13739 13544 13289 13052 12763 12615 12307 11953 11480 11138 10890 10438 9780 8842 7601 6727 6125 5575 5080 4734 3990 2092 
0 0 31 122 194 255 255 255 289 412 604 740 745 684 615 572 648 730 877 957 1010 1064 1279 1428 1577 1723 1806 1969 2049 2071 2113 2201 2409 2708 2968 3271 3559 3678 3712 3850 4060 4184 4269 4358 4447 4618 4990 5326 5597 5843 6088 6286 6482 6660 6859 6925 7012 7543 8035 8254 8461 8711 9041 9299 9462 9522 9962 10467 10570 10731 11236 11977 12891 13301 13385 13548 13736 13711 13608 13332 12985 12847 12584 12223 11918 11639 11267 10951 10570 10196 9581 8615 7499 6911 6450 5838 5226 4740 4062 2181 
0 0 3 10 110 255 255 274 354 490 616 729 717 572 559 693 906 979 994 1001 1052 1185 1564 1818 1953 2064 2120 2211 2266 2266 2266 2316 2541 2940 3305 3710 4018 4182 4296 4429 4663 4797 4832 4889 4990 5284 5606 5731 6014 6329 6488 6603 6717 6793 6989 7197 7467 8006 8465 8707 9023 9288 9492 9494 9423 9660 10205 10539 10744 11183 11821 12323 13025 13384 13355 13366 13525 13545 13413 13142 12783 12647 12351 11944 11616 11326 11140 10859 10220 9520 8617 7677 6982 6693 6388 6010 5586 4982 4226 2284 
0 0 0 0 51 128 128 166 280 383 434 575 668 658 750 867 984 1020 1020 1020 1071 1197 1546 1933 2236 2326 2388 2423 2423 2470 2537 2574 2707 3056 3454 3779 3989 4241 4462 4555 4793 4948 4972 5020 5114 5429 5731 5885 6225 6495 6629 6630 6630 6693 7006 7587 8224 8575 8813 8992 9357 9551 9596 9586 9616 9891 10267 10458 10811 11310 11854 12230 12905 13233 13214 13259 13381 13273 13040 12808 12521 12364 12024 11590 11269 11062 10978 10673 9903 8953 7911 7093 6646 6410 6193 6013 5739 5159 4324 2316 
0 0 0 0 0 32 89 147 204 292 387 551 718 843 1017 1089 1089 1089 1089 1089 1195 1410 1690 1996 2282 2410 2501 2562 2582 2668 2783 2805 2831 2950 3155 3460 3769 4171 4454 4513 4743 4926 4977 5035 5116 5402 5697 5851 6151 6345 6467 6470 6570 6809 7288 8033 8654 8822 8949 9066 9383 9455 9450 9625 9821 10009 10310 10496 10841 11340 11975 12517 13020 13204 13213 13323 13412 13069 12581 12352 12072 11779 11520 11200 10934 10754 10574 10189 9491 8561 7574 6942 6627 6404 6229 6094 5737 5037 4001 2093 
0 0 0 0 0 67 187 265 265 425 656 860 1047 1172 1247 1275 1275 1275 1275 1276 1422 1709 1941 2198 2453 2550 2550 2613 2721 2772 2800 2805 2805 2805 2881 3360 3979 4300 4444 4572 4754 4943 5133 5229 5311 5495 5696 5860 6165 6314 6409 6477 6743 7212 7777 8457 8873 8901 8966 9110 9429 9432 9416 9655 10038 10303 10409 10516 10922 11445 12199 12965 13199 13243 13296 13354 13353 12967 12422 12151 11813 11427 11216 11022 10813 10594 10165 9610 9019 8183 7331 6891 6722 6451 6136 5772 5214 4555 3558 1832 
0 0 0 0 0 156 389 510 541 621 721 825 1029 1229 1275 1275 1275 1275 1275 1279 1439 1720 1963 2162 2345 2487 2607 2708 2782 2805 2805 2805 2805 2951 3161 3511 4010 4305 4523 4805 4943 5061 5222 5307 5454 5652 5807 5933 6196 6313 6423 6647 7054 7796 8415 8735 8894 8938 9094 9283 9508 9604 9832 9957 10128 10455 10511 10543 10951 11599 12382 13072 13233 13361 13510 13413 13203 12885 12369 12018 11725 11343 11066 10832 10698 10514 10016 9209 8364 7669 7085 6804 6656 6387 5969 5338 4631 3941 2918 1472 
0 0 0 69 141 259 479 651 739 754 760 777 959 1152 1217 1259 1275 1275 1275 1280 1427 1574 1784 2016 2133 2318 2639 2805 2805 2805 2805 2805 2816 3098 3446 3658 3882 4102 4326 4555 4705 4860 4958 5048 5284 5519 5668 5725 5882 6107 6365 6628 7108 8041 8672 8826 8916 9079 9379 9606 9729 9865 10191 10420 10396 10601 10767 10919 11262 11930 12619 13106 13239 13444 13610 13317 12933 12800 12375 11911 11567 11106 10734 10479 10367 10227 9721 8795 7711 7032 6580 6323 6089 5850 5472 4837 4009 3318 2490 1275 
0 43 87 212 350 414 528 660 754 765 765 773 870 965 1083 1228 1275 1275 1286 1304 1437 1535 1717 1986 2177 2323 2496 2645 2719 2741 2741 2747 2805 3178 3482 3505 3610 3899 4116 4251 4454 4654 4773 4933 5209 5406 5590 5714 5749 6021 6493 6868 7324 8232 8697 8702 8773 8910 9173 9455 9675 10071 10468 10560 10425 10544 10831 11171 11502 12183 12770 13034 13118 13257 13340 13007 12591 12505 12191 11689 11180 10662 10366 10171 9881 9692 9188 8248 7054 6290 5816 5513 5160 4933 4756 4353 3554 2954 2350 1233 
0 125 249 348 477 544 597 676 756 765 765 766 777 821 986 1126 1153 1153 1234 1338 1379 1411 1535 1795 2074 2181 2270 2414 2528 2562 2562 2726 2948 3186 3335 3413 3505 3671 3865 4065 4287 4494 4688 4988 5191 5219 5336 5496 5603 5897 6425 7111 7569 8122 8379 8311 8402 8657 8974 9240 9534 10152 10468 10374 10266 10322 10654 11188 11542 12154 12702 12886 12894 12850 12783 12490 12067 11867 11586 11019 10337 9836 9630 9443 8952 8433 7703 6714 5706 5167 4890 4667 4344 4099 3992 3734 3175 2695 2143 1122 
0 125 249 322 451 580 681 741 762 765 765 765 765 803 943 1020 1020 1020 1094 1191 1240 1277 1302 1455 1788 1992 2164 2298 2329 2339 2344 2603 2898 3040 3119 3241 3271 3302 3443 3698 3934 4105 4374 4819 5070 5070 5182 5400 5671 5985 6372 7156 7696 7896 8072 8065 8137 8576 9143 9573 9912 10368 10440 10347 10346 10337 10704 11320 11676 12185 12722 12987 13050 12717 12345 12118 11819 11566 11207 10597 9935 9399 9127 8900 8268 7295 6250 5453 4791 4406 4283 4105 3778 3495 3459 3303 2923 2357 1556 787 
168 211 253 272 331 452 613 725 761 765 765 765 765 801 933 1009 1017 1020 1025 1036 1176 1298 1466 1640 1791 1968 2147 2253 2270 2293 2337 2584 2780 2904 3035 3157 3200 3255 3361 3584 3778 3853 4134 4539 4718 4746 4884 5169 5486 5794 6122 6814 7343 7560 7840 7955 8108 8591 9214 9745 10067 10315 10238 10201 10293 10344 10720 11389 11969 12362 12749 13033 13137 12607 11938 11626 11433 11123 10583 9934 9322 8939 8671 8428 7862 6917 5883 5090 4428 4063 3967 3817 3561 3337 3216 2816 2249 1787 1212 615 
145 199 252 255 256 321 491 661 754 765 765 765 765 779 831 900 987 1020 1020 1025 1189 1338 1541 1713 1760 1907 2097 2221 2255 2369 2493 2568 2567 2770 3017 3125 3242 3382 3532 3652 3729 3865 4141 4318 4419 4560 4778 5120 5408 5704 5930 6715 7338 7352 7512 7954 8441 8771 8998 9390 9832 10026 9848 9748 9878 10151 10697 11395 12095 12405 12525 12629 12766 12267 11653 11357 11183 10850 10137 9434 8979 8694 8368 8006 7383 6500 5752 4986 4249 3821 3660 3494 3278 3094 2867 2298 1544 1127 880 468 
0 125 249 255 255 318 489 660 754 765 765 765 765 765 765 816 928 987 1015 1024 1223 1430 1495 1579 1713 1836 1903 2009 2072 2096 2144 2135 2083 2345 2651 2783 2921 3060 3217 3260 3277 3551 3852 3953 4081 4303 4616 5042 5343 5765 5966 6617 7141 7163 7381 7860 8394 8759 9041 9339 9688 9848 9566 9335 9590 10041 10642 11282 11892 12127 12119 11945 11910 11555 11135 10892 10727 10354 9395 8618 8398 8209 7848 7334 6591 5669 5191 4555 3789 3322 3138 2972 2750 2433 2059 1592 1196 957 730 389 
0 125 249 255 255 287 388 521 652 730 749 765 765 765 765 780 812 892 1028 1112 1216 1354 1479 1578 1713 1785 1785 1913 1962 1854 1844 1841 1870 2024 2177 2501 2774 2894 3034 3115 3191 3431 3639 3724 3862 4042 4342 4783 5129 5630 5938 6459 6885 7019 7403 7929 8513 9020 9380 9507 9563 9619 9432 9346 9756 10291 10848 11264 11675 11916 11987 11586 11157 10869 10616 10347 10085 9712 8854 8030 7750 7608 7334 6756 5997 5131 4738 4090 3336 2960 2829 2663 2439 1984 1467 1076 906 772 561 304 
0 33 65 155 247 255 265 321 452 625 702 765 765 765 765 765 767 834 993 1147 1188 1214 1297 1404 1563 1644 1686 1828 1886 1794 1785 1785 1813 1833 1822 2146 2525 2770 2931 3064 3240 3457 3638 3830 4020 4175 4532 4968 5238 5593 5900 6380 6809 6925 7346 7952 8462 8944 9174 9156 9193 9415 9388 9329 9807 10379 10883 11241 11560 11744 11731 11318 10846 10559 10380 10074 9674 9241 8471 7707 7372 7118 6795 6195 5454 4665 4256 3569 3007 2789 2674 2427 2096 1706 1339 984 745 601 419 231 
0 0 0 59 120 184 247 274 331 437 548 657 704 744 765 765 786 893 982 1029 1043 1043 1043 1127 1272 1449 1669 1729 1691 1642 1641 1663 1696 1673 1608 1878 2303 2628 2750 2993 3332 3551 3694 3887 4097 4361 4830 5379 5544 5595 5798 6192 6736 7000 7505 8060 8377 8776 8929 8869 8935 9083 9056 9036 9680 10360 10715 11128 11520 11541 11345 11074 10771 10435 10222 9896 9438 8912 8106 7459 7115 6673 6257 5557 4906 4306 3743 2926 2517 2428 2330 2033 1654 1321 1065 780 622 522 307 147 
0 0 0 0 0 83 173 184 184 196 311 442 547 637 684 684 714 859 939 939 939 939 939 1023 1126 1230 1356 1384 1374 1347 1347 1400 1477 1544 1547 1670 2123 2573 2679 2943 3287 3385 3459 3616 3842 4261 4701 5138 5322 5424 5558 5927 6693 7136 7752 8365 8487 8502 8647 8667 8747 8697 8645 8838 9495 10256 10703 11172 11483 11251 10989 10893 10736 10303 9947 9731 9268 8591 7844 7282 6780 6252 5822 5019 4487 4125 3562 2612 2113 2030 1919 1689 1460 1191 909 614 480 418 226 93 
0 0 0 0 0 0 0 0 0 6 64 127 167 200 218 218 248 393 473 473 473 473 473 601 728 728 728 788 889 920 920 978 1062 1184 1286 1453 1824 2233 2470 2757 3023 3114 3186 3343 3532 3912 4352 4733 4986 5390 5793 6066 6819 7470 8146 8625 8523 8294 8459 8593 8637 8474 8695 9179 9512 10069 10549 10955 11278 11055 10706 10446 10246 9820 9273 8997 8604 7938 7310 6900 6422 5869 5357 4620 4222 3977 3435 2470 1955 1872 1761 1546 1333 1064 820 582 396 306 197 93 
0 0 0 0 0 0 0 0 0 0 0 0 0 0 0 80 160 221 255 255 255 255 255 383 510 510 510 518 532 536 542 625 733 925 1213 1433 1570 1903 2322 2632 2854 2943 3014 3203 3442 3956 4472 4726 5048 5575 6093 6306 7070 7937 8461 8592 8497 8286 8330 8427 8518 8523 8927 9425 9634 10081 10499 10593 10772 10792 10547 10169 9904 9538 8932 8499 8090 7465 6815 6434 6090 5609 5077 4368 4000 3690 3079 2235 1776 1634 1484 1289 1038 724 574 452 327 255 184 93 
0 0 0 0 0 0 0 0 0 0 0 0 0 0 0 110 208 238 255 255 255 328 400 455 510 510 510 510 541 583 648 772 895 1060 1390 1659 1796 2159 2590 2696 2756 2858 2971 3170 3481 3952 4428 4673 5001 5569 6278 6644 7480 8338 8577 8364 8366 8401 8371 8278 8357 8593 8995 9494 9884 10316 10774 10583 10340 10494 10498 10066 9676 9351 8747 8255 7956 7389 6644 6132 5850 5418 4920 4261 3703 3143 2616 2059 1650 1360 1122 1011 782 468 366 294 271 255 184 93 
0 0 0 0 0 0 0 0 0 0 0 0 0 0 0 22 66 188 255 291 326 418 510 510 510 510 510 510 571 654 764 902 1041 1177 1473 1790 2078 2416 2708 2794 2798 2909 3110 3308 3609 3963 4319 4640 5056 5649 6560 7138 7996 8651 8639 8315 8351 8444 8401 8239 8391 8639 9046 9717 10151 10450 10923 10607 10171 10285 10328 9892 9441 9080 8475 7973 7722 7209 6482 5920 5577 5076 4552 4019 3309 2653 2263 1864 1504 1201 916 751 552 347 293 251 244 237 170 86 
0 0 0 0 0 0 0 0 0 0 0 0 0 0 0 0 30 175 255 382 507 509 510 510 510 510 510 510 579 678 808 976 1217 1384 1580 1861 2266 2579 2758 2805 2805 2939 3232 3391 3564 3928 4253 4652 5262 5788 6748 7495 8210 8661 8633 8348 8348 8351 8346 8335 8541 8750 9167 9808 10163 10355 10854 10587 10004 9916 9814 9399 8919 8460 8031 7650 7292 6781 6071 5518 5087 4682 4246 3718 3031 2374 1964 1622 1334 1090 817 585 379 258 255 223 165 106 67 34 
0 0 0 0 0 0 0 0 0 0 0 0 0 0 0 0 27 158 237 379 510 510 510 510 510 516 524 533 654 842 1088 1224 1392 1531 1759 2073 2462 2685 2797 2814 2845 3074 3472 3601 3714 4043 4286 4701 5379 5907 6856 7729 8319 8598 8591 8350 8343 8217 8173 8405 8581 8801 9221 9763 10126 10226 10574 10441 9837 9541 9422 8924 8239 7851 7699 7359 6884 6414 5738 5165 4619 4205 3674 3200 2775 2240 1820 1497 1277 1082 817 585 379 258 255 204 113 21 0 0 
0 0 0 0 0 0 0 0 0 0 0 0 0 0 0 0 8 101 223 403 510 510 510 510 510 569 650 733 835 984 1188 1287 1478 1676 1982 2388 2712 2787 2805 2859 2997 3188 3495 3697 3961 4265 4414 4853 5453 5937 6933 7980 8385 8363 8275 8191 8271 8094 7988 8435 8798 9068 9450 9802 10008 9887 10100 10167 9816 9394 9237 8785 8040 7687 7646 7243 6559 6061 5490 4945 4388 3915 3261 2752 2446 2113 1756 1442 1255 1082 817 585 379 258 255 204 113 21 0 0 
0 0 0 0 0 0 0 0 0 0 0 0 0 0 0 15 30 143 297 390 455 507 510 510 510 632 801 997 1087 1155 1232 1287 1529 1784 2131 2575 2794 2805 2805 2955 3221 3253 3358 3639 3990 4224 4395 4992 5663 6147 7081 8044 8167 7931 7680 7719 7966 7900 7915 8502 8880 9209 9703 9848 9772 9715 9885 9852 9659 9263 8985 8581 7980 7639 7524 6978 6087 5491 5083 4717 4354 3852 3139 2555 2265 2054 1756 1401 1170 961 665 434 302 256 255 204 113 21 0 0 
0 0 0 0 0 0 0 0 0 0 0 0 0 0 0 106 211 233 256 257 359 502 510 510 510 650 853 1092 1218 1275 1275 1299 1570 1876 2237 2630 2797 2863 2920 2998 3214 3299 3422 3701 4009 4237 4563 5254 5950 6526 7261 7959 7889 7664 7507 7523 7783 7882 7871 8339 8751 9240 9927 9967 9818 9913 9986 9580 9198 8951 8655 8262 7877 7610 7452 6889 5888 5171 4822 4501 4216 3692 3062 2485 2136 1973 1734 1338 1042 827 562 363 266 255 255 204 113 21 0 0 
0 0 0 0 0 0 0 0 0 0 0 0 0 0 0 128 255 255 255 255 294 350 372 404 435 611 878 1091 1116 1118 1141 1209 1557 2050 2416 2618 2671 2788 2965 3016 3132 3249 3393 3713 3952 4386 4958 5537 6216 7006 7580 7978 7779 7551 7483 7416 7519 7831 8114 8586 8987 9421 9953 9821 9654 9944 10095 9469 8878 8706 8408 8049 7817 7566 7339 6797 5770 5049 4763 4384 3986 3473 2890 2349 2021 1901 1715 1338 1042 827 562 363 266 255 255 204 113 21 0 0 
0 0 0 0 0 0 0 0 0 0 0 0 0 32 64 160 255 255 255 255 255 255 330 464 598 733 902 1013 1020 1026 1180 1387 1752 2317 2549 2646 2740 2741 2882 3037 3159 3311 3406 3682 3905 4493 5173 5659 6285 7136 7679 7876 7611 7444 7485 7356 7281 7690 8375 8964 9306 9580 9875 9779 9645 9936 10006 9456 8892 8659 8278 7832 7611 7311 6948 6506 5671 5047 4710 4210 3738 3275 2704 2196 1894 1774 1588 1263 1021 827 562 363 266 255 255 204 113 21 0 0 
0 0 0 0 0 0 0 0 0 0 0 0 0 123 244 250 255 255 255 255 255 255 356 570 813 928 988 1020 1020 1032 1275 1590 1896 2409 2652 2729 2805 2742 2834 3050 3197 3335 3426 3684 3954 4644 5367 5831 6346 7020 7500 7672 7564 7466 7475 7324 7316 7831 8464 8924 9192 9498 9760 9715 9692 9777 9552 9087 8732 8595 8205 7664 7374 7063 6661 6126 5454 4923 4535 3989 3472 2930 2365 2010 1704 1500 1315 1103 913 726 484 324 245 187 135 90 50 9 0 0 
0 0 0 0 0 0 0 0 0 0 0 0 0 128 255 255 255 255 255 255 255 276 413 657 924 1020 1020 1020 1020 1032 1321 1798 2159 2585 2805 2720 2647 2751 2982 3169 3279 3459 3527 3694 4017 4842 5546 5998 6423 6860 7311 7503 7483 7326 7174 7194 7440 8052 8624 8952 9037 9364 9683 9722 9693 9535 9234 8841 8507 8400 8136 7660 7299 6917 6507 5895 5303 4781 4383 3893 3308 2632 2047 1879 1674 1443 1217 957 681 508 341 258 225 133 41 0 0 0 0 0 
0 0 0 0 0 0 0 0 0 0 0 49 97 176 255 255 255 255 255 259 314 442 681 862 986 1020 1020 1020 1020 1032 1403 2063 2409 2643 2805 2678 2614 2912 3179 3298 3358 3513 3593 3767 4167 5080 5704 6079 6382 6610 7090 7347 7415 7298 7056 7108 7545 8296 8827 9157 9118 9274 9511 9640 9535 9214 8984 8716 8345 8099 7853 7540 7269 6777 6233 5780 5230 4609 4156 3662 3087 2520 2016 1865 1674 1443 1210 940 653 488 332 255 225 133 41 0 0 0 0 0 
0 0 0 0 0 0 0 0 0 0 0 128 255 255 255 255 255 255 255 262 357 525 774 915 999 1020 1020 1039 1102 1193 1531 2171 2532 2684 2787 2709 2682 3002 3232 3315 3366 3513 3661 3971 4469 5345 6007 6469 6602 6530 6986 7306 7329 7184 6960 7096 7738 8591 8991 9214 9054 9092 9359 9531 9361 9028 8849 8649 8284 7918 7614 7410 7244 6719 6077 5621 5053 4372 3937 3445 2825 2395 2016 1865 1674 1443 1210 940 653 488 332 255 225 133 41 0 0 0 0 0 
0 0 0 0 0 0 0 0 0 0 0 128 255 255 255 255 255 255 255 336 539 727 883 957 1007 1020 1020 1058 1245 1603 1977 2468 2755 2692 2631 2751 2829 3040 3247 3409 3488 3547 3720 4219 4775 5495 6161 6606 6660 6462 6858 7171 7150 7066 6976 7175 7936 8724 8982 9112 8895 8817 9158 9327 9097 8888 8832 8624 8184 7754 7494 7328 7149 6665 5996 5385 4860 4237 3757 3350 2797 2386 2016 1865 1674 1443 1210 940 653 488 332 255 225 133 41 0 0 0 0 0 
0 0 0 0 0 0 0 0 0 0 0 128 255 255 255 255 255 285 323 506 763 950 1007 1013 1019 1020 1020 1058 1302 1917 2483 2677 2676 2655 2709 2964 3161 3229 3303 3472 3570 3562 3685 4364 5070 5637 6182 6568 6521 6219 6703 7054 6975 6956 7024 7248 7931 8798 9153 9194 8981 8926 9139 8964 8699 8706 8750 8543 8082 7673 7418 7220 6942 6437 5828 5228 4755 4158 3581 3183 2749 2386 2016 1865 1674 1443 1210 940 653 488 332 255 225 133 41 0 0 0 0 0 
0 0 0 0 0 0 0 0 0 28 56 156 255 255 256 258 260 344 452 682 872 1002 1020 1020 1020 1020 1020 1073 1401 2152 2696 2678 2550 2657 2852 3079 3294 3315 3325 3502 3656 3692 3688 4314 5197 5911 6361 6504 6365 6102 6630 6995 6894 6901 7124 7584 8207 9015 9317 9216 9027 8997 9252 8846 8447 8567 8633 8320 7819 7499 7361 7196 6798 6271 5709 5077 4645 4119 3464 3009 2649 2268 1910 1817 1629 1357 1135 906 653 488 332 255 225 133 41 0 0 0 0 0 
0 0 0 0 0 0 0 0 0 119 237 246 255 255 284 342 402 519 666 818 912 1002 1020 1020 1020 1052 1132 1334 1712 2321 2730 2678 2550 2667 2871 3085 3294 3368 3437 3570 3754 4014 4100 4623 5504 6197 6540 6599 6513 6300 6646 6985 7019 7015 7352 8095 8576 9031 9247 9188 9046 8912 9198 8896 8502 8603 8635 8235 7651 7310 7272 7166 6701 6171 5583 4918 4492 3978 3284 2861 2538 2150 1827 1778 1562 1227 1021 855 653 488 332 255 225 133 41 0 0 0 0 0 
0 0 0 0 0 0 0 82 162 209 255 259 282 304 351 422 494 594 718 834 917 1002 1020 1020 1020 1083 1274 1620 2029 2477 2747 2678 2550 2667 2871 3085 3294 3432 3578 3645 3719 4154 4579 5027 5643 6193 6479 6592 6663 6474 6528 6712 6882 7082 7671 8471 8675 8855 9057 9091 9116 9132 9314 8949 8623 8672 8647 8205 7568 7169 7144 7013 6433 5807 5200 4656 4342 3795 3074 2694 2422 2105 1827 1778 1562 1227 1021 855 653 488 328 247 216 128 39 0 0 0 0 0 
0 0 0 0 0 45 89 172 255 255 255 269 350 430 478 532 606 678 750 843 922 1003 1020 1020 1020 1083 1335 1825 2254 2519 2664 2643 2599 2755 2946 3121 3297 3465 3662 3799 3825 4218 4747 5153 5629 6076 6150 6201 6472 6498 6522 6577 6772 7259 7914 8749 8938 8916 8956 8907 8926 9091 9174 8828 8731 8770 8544 8081 7487 7097 7040 6765 6160 5521 4925 4441 4077 3460 2860 2634 2397 2095 1827 1778 1562 1227 1021 855 653 482 271 140 91 54 16 0 0 0 0 0 
0 0 0 0 0 128 255 255 255 255 255 272 367 461 510 599 765 855 903 942 977 1012 1020 1020 1020 1083 1388 2028 2549 2582 2520 2582 2705 2910 3060 3199 3374 3566 3754 3920 3957 4392 5086 5438 5839 6189 6082 5964 6193 6491 6796 6720 6777 7532 8228 8991 9154 9049 9027 8839 8708 8885 8929 8690 8811 8796 8400 7930 7413 7080 7002 6629 6027 5273 4635 4260 3896 3322 2803 2624 2397 2095 1827 1778 1562 1227 1021 855 653 478 230 62 0 0 0 0 0 0 0 0 
0 0 0 0 0 128 255 255 255 261 267 288 376 464 510 599 795 920 1004 1020 1020 1020 1020 1020 1020 1083 1432 2127 2685 2662 2544 2613 2828 3013 3110 3274 3519 3648 3673 3934 4256 4726 5411 5823 6191 6335 6212 6098 6164 6353 6701 6759 6846 7589 8260 8955 9260 9274 9329 9091 8849 8749 8641 8532 8731 8651 8237 7790 7353 6999 6814 6443 5846 5085 4498 4171 3787 3167 2627 2468 2258 1984 1808 1778 1562 1222 1010 836 638 470 228 62 0 0 0 0 0 0 0 0 
0 0 0 62 123 189 255 255 255 312 376 434 464 565 676 725 826 920 1004 1020 1020 1020 1020 1020 1028 1140 1553 2259 2741 2678 2550 2629 2894 3129 3258 3363 3559 3752 3806 4188 4699 5042 5606 6068 6302 6224 6170 6248 6353 6463 6617 6708 6873 7593 8215 8889 9246 9263 9312 9064 8827 8575 8366 8328 8580 8521 8029 7539 7256 6943 6706 6327 5677 4951 4465 4086 3592 2991 2471 2303 2092 1820 1652 1525 1343 1083 899 617 403 313 175 62 0 0 0 0 0 0 0 0 
0 0 0 128 255 255 255 255 255 339 433 562 628 701 774 806 867 937 1007 1020 1020 1020 1020 1020 1083 1430 1974 2522 2753 2654 2550 2629 2896 3155 3309 3371 3484 3702 3862 4266 4750 5180 5903 6337 6213 6009 6164 6312 6474 6666 6614 6692 6938 7633 8180 8794 9145 9041 8945 8877 8792 8543 8297 8136 8262 8273 7907 7478 7216 6901 6642 6130 5414 4790 4422 4081 3581 2985 2456 2218 1958 1702 1506 1331 1194 996 842 511 297 245 153 62 0 0 0 0 0 0 0 0 
0 0 0 128 255 255 255 255 255 370 501 655 743 817 875 934 965 990 1015 1020 1020 1020 1020 1020 1122 1593 2125 2438 2506 2521 2535 2629 2896 3155 3309 3353 3407 3659 3953 4372 4782 5183 5892 6275 6149 6006 6179 6221 6249 6458 6505 6842 7284 7872 8329 8848 9112 8888 8620 8687 8695 8539 8273 8012 7939 7863 7619 7275 6921 6652 6448 5890 5299 4774 4376 3986 3398 2828 2412 2136 1786 1522 1374 1275 1194 996 842 511 297 245 153 62 0 0 0 0 0 0 0 0 
0 78 155 205 255 255 283 331 379 530 701 765 765 822 886 952 978 997 1016 1020 1020 1020 1020 1039 1167 1558 1890 2159 2318 2440 2525 2715 3042 3242 3380 3484 3532 3730 3989 4370 4757 5148 5850 6288 6332 6237 6242 6152 6002 6161 6387 6913 7445 8035 8570 9020 9119 8883 8577 8434 8297 8388 8312 8066 7791 7524 7175 6817 6484 6418 6330 5689 5154 4702 4263 3860 3212 2670 2383 2136 1786 1521 1373 1275 1194 996 842 511 297 245 153 62 0 0 0 0 0 0 0 0 
0 128 255 255 255 255 304 387 470 594 730 765 765 783 803 824 881 944 1008 1020 1020 1020 1034 1173 1361 1675 1871 2025 2212 2407 2518 2715 2981 3182 3353 3466 3562 3723 3898 4247 4672 5167 5814 6096 6225 6244 6188 6102 5959 6080 6285 6676 7206 8044 8573 8931 9058 8848 8534 8214 8002 8200 8166 7967 7648 7261 6899 6641 6363 6278 6246 5577 4929 4479 4074 3778 3202 2629 2321 2112 1786 1521 1373 1275 1194 996 842 511 297 245 153 62 0 0 0 0 0 0 0 0 
0 125 248 252 255 255 270 363 465 582 699 765 765 765 765 765 836 920 1004 1020 1020 1020 1039 1090 1125 1375 1682 1991 2212 2407 2503 2590 2669 2897 3108 3189 3380 3538 3643 3875 4194 4732 5261 5355 5513 5877 6176 6079 5745 5738 6049 6396 6734 7352 7866 8549 8841 8666 8277 7725 7479 7882 8009 7837 7586 7189 6825 6613 6355 6206 6135 5464 4762 4353 4030 3761 3193 2542 2188 2060 1786 1521 1373 1275 1194 996 842 505 283 226 141 57 0 0 0 0 0 0 0 0 
0 34 67 161 255 255 255 323 400 537 678 765 765 765 765 765 836 920 1004 1020 1020 1020 1022 907 833 1089 1448 1912 2208 2387 2462 2511 2538 2747 2952 3046 3276 3411 3473 3559 3717 4231 4690 4881 5165 5529 5883 5911 5555 5406 5793 6120 6282 6603 7181 8271 8713 8437 7818 7255 7123 7627 7772 7467 7286 7027 6687 6500 6337 6064 5843 5327 4716 4323 3991 3619 2993 2365 2097 2044 1786 1521 1373 1275 1194 996 842 459 187 89 56 23 0 0 0 0 0 0 0 0 
0 0 0 128 255 255 255 255 255 443 662 765 765 765 765 765 811 866 921 955 984 957 905 836 816 1084 1437 1861 2100 2211 2302 2398 2454 2679 2892 3031 3227 3304 3327 3454 3617 3948 4390 4689 4950 5222 5455 5589 5473 5400 5736 5880 5908 6175 6812 7959 8514 8344 7706 7172 7072 7543 7496 6972 6839 6789 6567 6361 6243 5930 5599 5237 4683 4182 3731 3257 2652 2191 2031 2016 1776 1521 1373 1275 1178 920 706 347 101 0 0 0 0 0 0 0 0 0 0 0 
0 0 0 108 214 235 255 255 255 396 563 632 685 738 765 765 774 784 794 837 888 857 765 765 802 980 1199 1500 1797 1997 2167 2273 2257 2305 2411 2646 2878 3028 3171 3325 3411 3354 3573 4003 4429 4609 4606 4907 5238 5274 5331 5307 5438 5695 6148 6776 7265 7524 7231 6966 6779 6738 6498 6254 6208 6238 6363 6244 6087 5651 4982 4617 4222 3836 3394 2776 2296 2087 1950 1802 1646 1472 1319 1173 1013 715 468 246 82 0 0 0 0 0 0 0 0 0 0 0 
0 0 0 17 34 145 255 255 255 288 327 417 582 681 730 746 761 765 765 696 634 668 688 722 758 773 849 1107 1470 1746 1895 1942 2001 2026 2030 2204 2430 2710 2967 3113 3099 2775 2689 3052 3574 3847 3949 4312 4702 4875 4793 4687 4995 5272 5368 5342 5685 6119 6240 6331 6115 5664 5355 5456 5500 5470 5621 5686 5671 5193 4280 3763 3479 3308 3012 2456 2094 1967 1783 1477 1347 1254 1089 868 699 439 183 120 56 0 0 0 0 0 0 0 0 0 0 0 
0 0 0 0 0 54 108 182 255 255 255 313 402 482 587 675 749 692 618 568 520 525 588 667 745 765 793 856 904 1085 1328 1501 1689 1791 1868 1976 2168 2342 2324 2331 2262 2176 2041 2085 2229 2687 3418 3728 3755 4068 4377 4524 4547 4528 4346 3911 4019 4361 4882 5100 4938 4860 4690 4494 4699 5051 4749 4560 4355 3926 3513 3135 2727 2340 2156 2068 1900 1632 1454 1338 1097 831 612 404 230 123 33 21 10 0 0 0 0 0 0 0 0 0 0 0 
0 0 0 0 0 0 0 91 181 181 181 181 181 254 378 463 522 444 353 353 353 353 388 433 477 488 488 443 361 471 695 868 1002 1059 1108 1151 1240 1283 1172 1144 1107 1126 1041 1010 1024 1382 1990 2169 2128 2358 2642 2815 2774 2687 2524 2139 2117 2324 2727 2855 2756 2788 2672 2440 2633 3015 2789 2578 2351 2077 1987 1847 1567 1282 1203 1249 1169 947 834 827 625 379 240 135 21 0 0 0 0 0 0 0 0 0 0 0 0 0 0 0 
