60
0
100
100
0 0 0 2 173 255 331 471 530 660 791 767 775 976 1320 1504 1530 1530 1530 1547 1733 2074 2415 2834 3230 3697 3904 4090 4262 4495 4641 4769 4987 5493 6141 6577 6813 6961 7155 7252 7343 7688 7981 8413 9015 9244 8977 8765 8792 8716 8670 8752 9098 9404 9373 9360 9253 8927 8530 8261 8212 8173 8247 8232 7845 7172 6373 5514 4746 4274 4030 3845 3359 2948 2876 2869 2622 2348 2158 2043 1836 1601 1317 1072 918 638 510 510 469 324 255 255 93 0 0 0 0 0 0 0 
0 0 0 2 209 467 678 844 1006 1236 1425 1497 1635 1852 2088 2225 2382 2554 2772 3031 3384 3826 4244 4653 5199 5706 6090 6433 6596 6698 6782 6947 7294 7797 8389 8937 9372 9695 10077 10305 10449 10693 10918 11109 11242 11249 11189 11125 11212 11236 11198 11163 11280 11382 11340 11368 11138 10768 10427 10230 10184 10157 10131 9889 9361 8787 8369 7820 7305 7026 6824 6636 6378 6044 5544 5015 4509 4147 3812 3577 3304 2986 2634 2292 2024 1801 1669 1395 935 633 499 422 370 339 244 173 118 2 0 0 
0 0 36 172 410 784 1083 1245 1482 1806 2065 2347 2701 2969 3161 3332 3612 3907 4271 4703 5176 5658 6080 6530 7101 7529 7901 8260 8455 8576 8763 9052 9488 9987 10486 10975 11413 11813 12227 12496 12685 12913 13128 13179 13120 13071 13121 13117 13146 13111 13004 12848 12764 12730 12739 12885 12726 12424 12128 11970 11903 11891 11714 11322 10843 10503 10398 10048 9616 9424 9243 9040 8885 8613 7894 7010 6246 5780 5396 4998 4565 4129 3777 3446 3113 2867 2693 2256 1549 1096 883 740 676 577 424 336 284 151 43 0 
0 14 131 564 840 1168 1524 1780 2104 2599 3036 3626 4206 4603 4847 5114 5451 5782 6196 6629 7121 7603 7984 8457 8814 8949 9085 9321 9697 10096 10530 10935 11311 11704 12056 12369 12650 12895 13088 13202 13285 13467 13668 13714 13843 14005 14091 14030 13831 13602 13531 13439 13403 13429 13499 13576 13494 13337 13101 12989 12925 12865 12501 12008 11652 11502 11468 11126 10567 10223 9954 9695 9494 9368 9071 8596 7892 7408 7149 6634 6026 5400 4999 4698 4286 3784 3415 3017 2483 1943 1625 1377 1090 750 579 511 504 432 130 7 
0 299 576 1017 1412 1711 2074 2502 3058 3674 4253 4761 5285 5737 6145 6538 6925 7317 7884 8337 8668 8907 9087 9439 9817 9997 10216 10588 11053 11522 11887 12168 12444 12799 13107 13389 13573 13681 13749 13801 13896 14017 14070 14084 14175 14298 14386 14375 14254 14192 14279 14263 14262 14306 14359 14228 14029 13844 13631 13531 13479 13419 13218 12968 12731 12587 12400 11973 11509 11122 10675 10262 9943 9807 9658 9465 9067 8681 8449 8075 7569 6805 6178 5715 5285 4747 4348 3931 3372 2711 2288 1859 1422 1089 892 689 563 450 244 123 
0 554 1012 1507 2086 2504 3070 3759 4468 4884 5229 5598 6193 6800 7396 7820 8241 8674 9097 9467 9713 9771 9836 10022 10336 10667 11082 11629 12068 12558 12895 13037 13171 13385 13620 13872 14007 14037 14037 14112 14318 14506 14509 14509 14511 14516 14627 14700 14700 14748 14841 14881 14793 14803 14901 14776 14576 14419 14252 14111 14004 13947 13917 13842 13634 13383 13113 12661 12297 11964 11429 10872 10500 10222 9994 9706 9523 9400 9278 9080 8699 7945 7131 6521 6153 5775 5391 4947 4338 3710 3187 2555 1916 1502 1198 942 748 545 356 214 
55 705 1294 2136 3033 3479 4219 5040 5674 5951 6095 6420 7063 7799 8382 8746 9126 9513 9720 9912 10219 10450 10585 10810 11260 11674 11980 12338 12674 13011 13243 13369 13466 13551 13693 13912 14120 14208 14208 14269 14403 14532 14547 14583 14596 14596 14724 14875 14942 14975 15069 15160 15140 15126 15094 15002 14875 14757 14657 14522 14316 14129 14025 13967 13850 13705 13608 13458 13297 12944 12400 11696 11218 10824 10498 10157 9917 9782 9609 9439 9199 8828 8302 7673 7053 6592 6079 5571 5073 4652 4121 3367 2511 1942 1552 1279 989 702 534 327 
470 1075 1677 2765 4118 4901 5474 6000 6390 6689 6968 7536 8240 8871 9268 9625 9912 10178 10379 10528 10766 11017 11188 11382 11780 12199 12457 12709 13003 13179 13283 13398 13566 13718 13862 14035 14204 14280 14280 14333 14442 14566 14626 14744 14784 14784 14834 14955 15045 15078 15172 15266 15300 15282 15174 15084 15038 15004 14924 14776 14565 14347 14169 14092 14013 13976 13895 13816 13683 13393 13079 12607 12135 11562 11019 10609 10311 10005 9758 9645 9501 9370 9126 8629 7849 7123 6500 6031 5685 5369 4813 4024 3239 2678 2101 1602 1176 890 752 438 
662 1636 2566 3575 4897 5877 6303 6665 7145 7588 8016 8575 9086 9527 9851 10340 10724 10894 11064 11249 11362 11515 11718 11853 12073 12423 12701 12949 13150 13232 13303 13447 13773 14083 14217 14254 14273 14280 14280 14333 14473 14718 14854 14957 14993 14993 14997 15022 15045 15078 15172 15266 15300 15295 15268 15218 15110 15045 15001 14926 14822 14691 14501 14307 14109 14037 13969 13904 13823 13703 13609 13414 12937 12261 11715 11280 10843 10493 10303 10056 9717 9528 9324 8980 8283 7476 6894 6576 6274 5920 5368 4769 4146 3367 2485 1805 1331 1062 910 517 
545 2163 3659 4560 5459 6327 6956 7524 8190 8725 9069 9386 9687 10037 10425 10739 11007 11231 11402 11530 11598 11755 12034 12220 12400 12681 12935 13194 13412 13512 13568 13635 13814 14005 14121 14212 14301 14391 14446 14497 14596 14870 15016 15038 15045 15045 15048 15095 15142 15189 15236 15283 15300 15300 15300 15262 15127 15045 15045 15045 15001 14908 14755 14564 14372 14217 14105 14023 13974 13885 13795 13657 13265 12796 12485 12114 11574 11144 10794 10359 9924 9749 9567 9277 8778 8093 7485 7016 6618 6379 5927 5376 4704 3904 3025 2271 1590 1185 958 541 
434 2644 4700 5645 6299 7086 7814 8370 8787 9249 9555 9849 10104 10499 10932 11073 11244 11453 11579 11664 11728 11885 12158 12359 12538 12800 13030 13201 13468 13665 13770 13770 13770 13808 13948 14140 14339 14572 14722 14810 14882 14983 15045 15045 15045 15045 15050 15144 15238 15300 15300 15300 15300 15300 15300 15262 15127 15045 15045 15045 15030 14998 14937 14820 14703 14517 14314 14148 14054 13968 13911 13775 13453 13081 12847 12561 12231 11877 11366 10842 10474 10220 9897 9573 9318 8867 8199 7515 6963 6762 6406 5859 5177 4470 3695 2870 2059 1570 1248 688 
1058 2896 4719 6134 7248 8186 8700 8993 9177 9394 9603 9900 10182 10601 11066 11207 11391 11588 11696 11803 11919 12033 12220 12434 12683 12939 13112 13204 13431 13630 13770 13770 13825 13936 14100 14292 14445 14566 14641 14787 14979 15038 15045 15045 15045 15045 15048 15095 15142 15189 15236 15283 15300 15300 15300 15285 15230 15166 15085 15045 15045 15045 15035 14928 14821 14721 14598 14437 14220 14062 14032 13931 13720 13448 13108 12716 12517 12229 11732 11216 10819 10433 10028 9651 9450 9174 8548 7805 7218 6987 6697 6259 5648 4939 4237 3559 2821 2131 1568 841 
1629 3101 4678 6254 7653 8618 9063 9286 9442 9561 9748 10127 10522 10801 11127 11310 11458 11602 11713 11800 11909 12045 12296 12533 12773 13011 13170 13266 13463 13638 13790 13815 13894 14022 14168 14321 14430 14510 14621 14763 14942 15042 15045 15045 15045 15045 15045 15045 15045 15078 15172 15266 15300 15300 15300 15300 15300 15247 15112 15045 15045 15045 15035 14928 14821 14752 14673 14558 14390 14281 14189 14023 13858 13681 13313 12921 12759 12436 11999 11617 11203 10702 10292 9954 9628 9275 8659 7950 7453 7263 6953 6547 6039 5353 4655 4072 3342 2438 1577 814 
1791 3408 5032 6398 7801 8730 9182 9454 9657 9875 10108 10349 10665 10887 11167 11397 11512 11594 11665 11771 11920 12071 12310 12504 12697 12942 13138 13340 13533 13647 13800 13888 13928 13967 14003 14078 14197 14383 14647 14785 14884 14984 14987 14987 14989 14951 14878 14862 14862 14895 14989 15083 15117 15117 15117 15180 15277 15247 15112 15045 15045 15045 15039 14976 14912 14825 14702 14593 14531 14527 14376 14137 13937 13734 13359 13005 12889 12621 12291 11916 11467 10931 10550 10170 9742 9423 8911 8222 7669 7319 6960 6600 6228 5614 4875 4238 3588 2724 1598 731 
1457 3697 5831 6901 7708 8339 8839 9208 9541 9880 10127 10159 10305 10483 10741 11068 11259 11343 11365 11485 11619 11760 11939 12084 12248 12491 12707 12958 13174 13273 13330 13383 13397 13426 13472 13571 13675 13812 14056 14191 14301 14403 14404 14350 14313 14313 14193 14154 14166 14199 14293 14387 14421 14421 14421 14521 14762 14834 14727 14660 14660 14660 14660 14676 14667 14559 14409 14295 14326 14379 14353 14233 14141 13878 13382 13005 12903 12669 12374 12074 11751 11351 10932 10327 9858 9629 9166 8404 7700 7206 6873 6568 6267 5775 5116 4500 3824 2950 1862 859 
1315 3675 5921 6858 7305 7805 8285 8620 9122 9621 9945 9974 10124 10289 10530 10863 11058 11143 11130 11084 11046 11097 11165 11257 11455 11719 11856 11981 12194 12278 12267 12371 12415 12441 12492 12509 12420 12451 12656 12722 12754 12831 12888 12893 12886 12907 13004 13097 13137 13082 13068 13133 13233 13348 13402 13373 13483 13668 13714 13595 13546 13546 13582 13732 13742 13659 13582 13521 13670 13900 14089 14096 14066 13821 13370 13012 12897 12663 12413 12184 11983 11749 11311 10548 10059 9844 9312 8496 7708 7163 6876 6627 6397 6064 5576 4972 4201 3239 2144 1028 
1306 3450 5540 6733 7193 7506 7764 8021 8597 9241 9702 9888 10087 10225 10411 10635 10729 10759 10730 10595 10473 10466 10466 10485 10537 10643 10805 10907 10935 10919 10877 10873 10877 10786 10656 10605 10574 10538 10550 10606 10709 10734 10649 10569 10588 10616 10750 10847 10892 10815 10806 11040 11450 11798 11789 11676 11795 11909 11843 11622 11524 11624 11836 12048 12099 12192 12315 12401 12728 13075 13299 13338 13340 13159 12907 12701 12647 12447 12278 12147 12037 11841 11438 10742 10221 9850 9229 8424 7689 7183 6910 6709 6539 6247 5862 5257 4482 3645 2641 1328 
1262 3126 4969 6186 6680 7145 7504 7727 8060 8691 9259 9521 9632 9690 9796 9960 10000 9962 9824 9612 9481 9490 9483 9425 9277 9256 9597 9813 9707 9647 9460 9143 9068 9070 8983 8864 8809 8648 8460 8415 8461 8322 8025 7777 7758 7885 7968 7971 8041 8043 8146 8505 9235 9794 9632 9449 9574 9675 9738 9765 9789 9965 10374 10699 10787 10920 11157 11325 11751 12127 12319 12386 12499 12477 12319 12222 12310 12259 12166 12113 12057 11889 11540 10896 10278 9756 9050 8242 7591 7177 6913 6717 6526 6155 5713 5326 4716 3902 2953 1519 
1070 2722 4309 5437 6118 6869 7401 7603 7740 8061 8397 8581 8730 8840 8942 9037 9040 9011 8806 8535 8393 8280 8200 8184 8090 8060 8205 8290 8309 8229 7976 7599 7405 7399 7356 7279 7147 6938 6778 6793 6718 6425 6236 6047 6015 6018 5834 5609 5548 5550 5813 6260 6844 7280 7195 7144 7467 7886 8244 8486 8652 8814 9231 9693 9936 10189 10642 10827 11077 11332 11504 11662 11997 12195 11928 11628 11826 12089 12137 12148 12086 11904 11529 10799 10158 9688 8979 8238 7717 7367 7057 6810 6478 5952 5434 5161 4781 4134 3218 1652 
1073 2495 3850 4750 5321 5963 6598 6973 7302 7441 7541 7664 7848 7959 8030 8040 7976 7941 7805 7695 7667 7569 7494 7466 7347 7192 7029 6868 6679 6360 6085 6023 5990 5911 5681 5556 5431 5243 5091 5091 4978 4722 4695 4633 4670 4521 4154 3873 3820 3895 4128 4561 5010 5362 5545 5728 6083 6517 6914 7301 7824 8149 8522 8987 9405 9765 10180 10279 10448 10610 10823 11150 11715 12105 11877 11472 11618 11941 12060 12200 12150 11913 11506 10752 10041 9580 8983 8370 7923 7572 7108 6656 6325 5917 5520 5230 4863 4222 3300 1693 
1070 2143 3183 3956 4521 5040 5741 6287 6764 6904 6963 7067 7233 7322 7399 7454 7324 7148 7090 7119 7150 7067 6967 6837 6600 6315 5932 5515 5032 4656 4462 4530 4561 4479 4223 4092 4030 3872 3644 3523 3411 3329 3385 3379 3344 3185 3006 2941 3085 3287 3442 3546 3878 4323 4674 4894 5095 5342 5783 6293 6976 7476 7941 8528 9112 9537 9822 9864 10048 10176 10394 10787 11326 11719 11639 11361 11556 11905 12086 12266 12150 11877 11467 10821 10021 9480 8958 8405 7950 7457 6924 6522 6275 6008 5700 5397 5003 4314 3367 1727 
749 1539 2398 3343 3942 4326 4788 5279 5736 5922 5981 6085 6251 6340 6393 6462 6312 6163 6192 6237 6206 6046 5751 5504 5345 5109 4593 4080 3744 3563 3402 3320 3203 3030 2852 2860 2848 2753 2656 2637 2573 2513 2517 2549 2505 2462 2401 2401 2541 2708 2980 3251 3552 3835 4080 4232 4408 4595 5005 5481 6116 6833 7381 8015 8680 9185 9493 9631 9889 10033 10194 10459 10891 11294 11303 11120 11468 11872 12019 12188 12052 11785 11334 10726 10001 9488 8914 8334 7852 7244 6734 6497 6282 6088 5876 5623 5260 4606 3659 1878 
456 1152 1882 2693 3315 3877 4289 4635 4942 5099 5166 5260 5364 5378 5433 5527 5504 5409 5377 5369 5223 5018 4665 4450 4423 4314 3799 3198 2860 2788 2655 2507 2333 2170 2038 2030 1985 1911 1943 2064 2033 1949 1942 2018 2001 2032 2114 2273 2347 2406 2584 2967 3295 3542 3700 3729 3854 4101 4571 5004 5615 6312 6811 7457 8243 8874 9236 9441 9771 9967 10091 10258 10620 10978 10908 10782 11355 11835 11901 12038 11904 11688 11273 10666 9968 9428 8676 8029 7562 7117 6709 6492 6283 6113 5937 5713 5378 4784 3881 1996 
510 1080 1648 2209 2800 3441 3857 4078 4198 4271 4348 4434 4492 4499 4592 4697 4773 4731 4662 4599 4323 4020 3764 3636 3686 3573 3151 2650 2260 2116 1971 1838 1753 1736 1603 1513 1464 1446 1509 1685 1683 1650 1715 1817 1868 2007 2195 2420 2497 2516 2595 2870 3155 3386 3508 3634 3863 4112 4533 4913 5585 6266 6738 7402 8218 8867 9217 9405 9732 9945 10042 10156 10473 10836 10717 10550 11104 11695 11905 12034 11814 11558 11222 10563 9829 9308 8591 7943 7448 7080 6709 6492 6283 6113 5937 5713 5386 4813 3925 2018 
510 920 1331 1710 2178 2736 3281 3557 3636 3684 3658 3654 3711 3803 3903 3959 4045 4068 4034 3961 3711 3422 3198 2974 2823 2626 2423 2173 1849 1627 1512 1457 1467 1545 1407 1297 1214 1200 1297 1551 1659 1699 1738 1828 1954 2091 2152 2327 2480 2545 2587 2806 3050 3221 3357 3672 4109 4336 4630 4920 5577 6346 6862 7541 8343 8969 9248 9374 9692 9967 10127 10256 10551 10961 10923 10665 10925 11426 11719 11855 11657 11431 11122 10426 9637 9216 8637 7980 7448 7080 6709 6492 6283 6113 5937 5713 5407 4897 4050 2081 
573 805 1036 1292 1698 2189 2661 2941 3071 3145 3100 3062 3102 3211 3316 3342 3378 3448 3488 3493 3382 3122 2825 2516 2210 1979 1889 1752 1491 1325 1251 1184 1104 1084 1081 1262 1390 1426 1507 1688 1797 1841 1825 1935 2040 2000 1918 2124 2390 2604 2614 2713 3033 3411 3672 3981 4435 4716 4904 5150 5787 6595 7152 7797 8558 9141 9384 9495 9811 10109 10327 10510 10748 11071 11007 10665 10834 11308 11504 11564 11426 11237 10855 10257 9586 9194 8637 7980 7448 7080 6709 6492 6283 6113 5937 5713 5414 4906 4055 2083 
759 788 817 1055 1399 1642 1869 2138 2368 2478 2480 2480 2498 2546 2593 2602 2587 2660 2758 2860 2816 2517 2122 1862 1640 1459 1359 1278 1237 1246 1194 1116 921 758 930 1319 1610 1757 1843 1990 2111 2150 2084 2094 2067 2086 2244 2427 2630 2809 2900 2946 3242 3703 4017 4331 4752 5056 5186 5393 5928 6597 7155 7815 8586 9151 9393 9520 9799 10062 10375 10617 10841 11146 11047 10746 10919 11227 11418 11541 11483 11333 10832 10171 9570 9194 8637 7980 7448 7080 6709 6492 6283 6113 5937 5713 5400 4808 3886 1999 
765 765 765 958 1185 1274 1442 1700 1935 1998 1998 1998 1998 1998 1998 1997 1961 1956 2004 2084 2102 1921 1588 1305 1055 918 864 814 812 850 826 882 957 1021 1278 1578 1760 1909 1996 2097 2150 2145 2080 2082 2102 2268 2532 2696 2851 3007 3185 3416 3675 3934 4108 4443 4962 5351 5521 5710 6031 6433 7004 7776 8594 9155 9440 9679 9971 10170 10432 10547 10758 11144 11167 10939 10976 11183 11398 11580 11504 11319 10866 10222 9595 9194 8637 7980 7448 7080 6709 6492 6283 6113 5937 5713 5399 4799 3871 1991 
694 725 755 858 955 1075 1278 1437 1539 1551 1551 1551 1551 1551 1551 1551 1474 1384 1351 1300 1336 1324 1120 944 832 758 729 690 650 611 576 730 1069 1355 1616 1767 1836 1935 2014 2071 2030 2003 1994 2036 2181 2541 2825 3012 3144 3269 3370 3597 3860 4086 4331 4798 5232 5550 5733 5965 6225 6507 7142 8057 8838 9346 9671 9974 10252 10400 10586 10612 10786 11229 11351 11040 10905 11166 11342 11530 11579 11349 10924 10349 9596 9073 8564 7955 7448 7080 6709 6492 6283 6113 5937 5713 5382 4756 3819 1965 
331 516 700 768 771 931 1129 1189 1193 1194 1194 1194 1194 1194 1194 1194 1136 1063 1075 998 965 962 858 777 720 598 514 568 680 738 811 1010 1253 1366 1461 1516 1655 1803 1881 1951 1936 1999 2110 2309 2484 2850 3189 3349 3407 3515 3593 3776 4105 4485 4790 5183 5479 5665 5832 6089 6377 6636 7320 8369 9134 9643 10076 10421 10636 10692 10763 10799 11012 11305 11362 11111 11075 11310 11384 11462 11524 11300 10899 10361 9594 9037 8527 7928 7448 7080 6709 6492 6283 6113 5937 5712 5339 4651 3691 1900 
26 323 618 702 731 884 1024 1046 1046 1046 1046 1046 1046 1046 1046 1059 1067 1073 1132 1076 1020 945 809 695 600 505 464 570 721 907 1087 1197 1275 1275 1275 1275 1437 1609 1718 1865 1963 2128 2383 2720 3029 3205 3358 3484 3509 3617 3839 4300 4779 5163 5414 5622 5834 6022 6177 6483 6961 7397 7963 8802 9493 9962 10270 10547 10882 11091 11094 11135 11329 11518 11500 11247 11177 11377 11490 11572 11531 11239 10825 10342 9673 9183 8592 7928 7448 7080 6709 6492 6283 6113 5916 5607 5156 4509 3604 1856 
0 232 465 547 654 843 952 988 1015 1020 1020 1020 1020 1020 1020 1074 1148 1223 1246 1120 990 871 700 612 646 680 676 707 780 1004 1227 1265 1275 1275 1275 1275 1355 1546 1860 2108 2276 2496 2749 3004 3352 3481 3465 3600 3754 3944 4258 4881 5391 5642 5890 6051 6228 6504 6751 7099 7556 8026 8582 9195 9759 10196 10437 10720 11110 11415 11455 11562 11704 11767 11553 11256 11107 11227 11308 11497 11547 11267 10806 10323 9700 9264 8771 8185 7604 7140 6765 6545 6291 6050 5817 5514 5040 4338 3414 1760 
0 105 209 346 529 644 716 862 1002 1020 1020 1020 1044 1086 1129 1175 1221 1230 1214 1034 842 726 651 651 734 765 794 872 960 1100 1254 1275 1275 1275 1275 1275 1336 1669 2251 2643 2937 3135 3284 3502 3798 3964 3931 4181 4509 4838 5174 5530 5803 5978 6293 6567 6744 7012 7362 7688 7949 8390 9117 9738 10172 10504 10651 10791 11160 11604 11919 11927 11819 11714 11550 11404 11264 11398 11456 11580 11549 11276 10840 10358 9762 9358 8954 8522 7905 7347 6934 6683 6313 5944 5583 5254 4773 4036 3149 1627 
0 0 0 162 338 407 544 731 859 918 975 987 1038 1126 1216 1231 1215 1077 993 897 748 701 738 748 765 793 893 1113 1301 1364 1418 1451 1463 1463 1463 1463 1614 2087 2680 3167 3466 3765 3982 4103 4177 4304 4381 4771 5257 5684 6056 6323 6467 6594 6783 6983 7174 7468 7873 8225 8446 8947 9757 10358 10648 10939 11010 11148 11551 11942 12237 12076 11803 11744 11828 11857 11619 11615 11609 11623 11458 11225 10870 10416 9758 9293 8880 8532 8083 7630 7046 6603 6231 5944 5517 5054 4496 3737 2925 1514 
0 0 0 24 47 197 424 533 552 648 763 787 842 970 1101 1035 922 819 759 708 630 673 779 800 800 855 1000 1243 1404 1521 1696 1846 1942 2023 2080 2098 2335 2810 3377 3869 4123 4429 4539 4516 4495 4643 4856 5294 5840 6248 6625 7015 7214 7469 7642 7718 7871 8109 8449 9004 9426 9681 10116 10616 10917 11260 11406 11660 11955 12097 12225 12093 11912 11848 11893 11942 11714 11637 11646 11645 11514 11382 11067 10577 9812 9255 8829 8509 8133 7735 7103 6606 6221 5910 5444 4884 4239 3413 2607 1344 
0 0 0 0 0 71 157 181 181 227 301 344 399 554 710 697 636 619 622 627 681 829 1003 1043 1070 1150 1263 1391 1454 1607 1877 2084 2256 2465 2627 2821 3279 3764 4216 4585 4830 5014 4995 4960 5060 5301 5820 6349 6767 7124 7361 7530 7713 8111 8480 8726 8875 9016 9217 9679 10050 9991 10198 10693 11149 11611 11961 12209 12324 12262 12147 12076 12064 11967 11771 11671 11522 11533 11630 11650 11513 11259 10832 10444 9793 9215 8782 8485 8081 7620 7110 6730 6258 5849 5358 4758 4068 3232 2400 1225 
0 0 0 0 0 0 0 0 0 37 149 290 384 439 494 510 510 536 671 810 905 1000 1135 1243 1342 1563 1759 1887 1985 2217 2503 2646 2784 2975 3182 3617 4120 4546 4872 5125 5278 5473 5604 5770 6066 6475 6967 7341 7607 7937 8136 8161 8305 8642 9073 9520 9765 9898 10002 10173 10475 10599 10911 11233 11555 11965 12226 12372 12546 12552 12460 12329 12278 12204 12008 11861 11765 11850 11957 11949 11768 11247 10544 10153 9669 9214 8771 8389 7924 7491 7020 6624 6075 5546 5044 4473 3792 2962 2168 1103 
0 0 0 0 0 0 0 0 0 12 92 226 371 431 492 520 548 593 737 923 1069 1177 1289 1496 1683 1911 2096 2279 2455 2735 3076 3277 3481 3689 3901 4322 4824 5265 5558 5761 5934 6263 6587 6944 7240 7551 7788 8028 8339 8700 8944 9023 9131 9294 9584 10015 10334 10633 10857 10875 11072 11312 11626 11917 12253 12590 12702 12749 12882 12835 12808 12675 12545 12462 12309 12172 12099 12204 12295 12200 11911 11278 10441 9922 9443 9074 8687 8286 7807 7400 6873 6381 5826 5267 4711 4115 3426 2518 1721 873 
0 0 0 0 0 0 0 0 0 0 51 157 306 394 484 547 649 751 856 1057 1287 1477 1585 1838 2139 2381 2477 2640 2840 3050 3361 3775 4108 4291 4501 4782 5167 5791 6458 6778 6900 7118 7399 7709 7964 8298 8588 8848 9183 9518 9797 9914 10041 10153 10265 10525 10785 11125 11413 11534 11674 11746 11947 12335 12689 12965 13106 13320 13534 13436 13364 13233 13013 12757 12601 12520 12470 12507 12370 11976 11512 11019 10297 9801 9466 9193 8851 8346 7680 7070 6459 5983 5660 5256 4605 3817 2923 2056 1385 685 
0 0 0 0 0 0 0 0 21 45 97 179 306 394 491 588 753 937 1125 1324 1557 1796 2000 2199 2396 2552 2683 2896 3173 3453 3853 4345 4754 5055 5319 5499 5907 6702 7450 7843 7966 8045 8170 8363 8736 9229 9597 9760 9942 10217 10585 10829 10955 11039 11105 11244 11388 11593 11810 12060 12276 12346 12580 13064 13292 13426 13533 13699 13866 13765 13576 13450 13287 13075 12874 12778 12789 12628 12134 11545 11099 10664 10153 9836 9589 9323 8983 8342 7461 6687 6189 5892 5541 4934 4243 3482 2572 1795 1207 578 
0 0 0 0 0 0 0 0 73 158 214 235 276 344 437 632 943 1297 1466 1508 1663 2012 2409 2599 2672 2855 3171 3489 3777 4241 4816 5236 5535 5954 6509 6912 7440 7951 8345 8527 8617 8708 8991 9436 9798 10049 10302 10449 10551 10763 11092 11315 11479 11620 11724 11783 11880 12011 12214 12465 12759 12946 13208 13611 13846 14068 14133 14169 14167 14050 13827 13601 13483 13418 13226 13083 13040 12771 12304 11758 11343 11073 10727 10341 9846 9257 8677 8018 7333 6674 6204 5933 5426 4508 3701 3000 2331 1785 1348 665 
0 0 0 0 0 0 0 0 92 198 255 281 322 471 688 951 1205 1478 1606 1667 1790 2128 2512 2759 2976 3561 4159 4564 4837 5358 5913 6182 6444 6853 7474 8012 8412 8639 8828 8894 8997 9160 9563 10258 10781 11058 11336 11439 11458 11506 11629 11741 11916 12077 12143 12191 12332 12544 12806 12990 13165 13341 13527 13811 14156 14474 14423 14384 14348 14231 14060 13798 13694 13708 13581 13336 13122 12778 12422 11981 11654 11440 11078 10566 9921 9128 8427 7857 7266 6711 6084 5604 5120 4343 3582 2827 2190 1757 1393 692 
0 0 0 0 0 0 0 0 92 198 255 303 377 617 961 1252 1402 1545 1689 1871 2128 2495 2894 3196 3573 4300 5013 5449 5857 6201 6516 6770 7188 7593 8088 8559 8987 9280 9453 9661 9957 10125 10330 10830 11341 11704 12052 12176 12198 12212 12238 12314 12417 12495 12504 12608 12790 12997 13215 13397 13530 13756 13908 14076 14329 14539 14585 14640 14570 14325 14109 13974 13968 14016 13887 13589 13311 12962 12698 12378 11921 11585 11144 10584 9978 9307 8699 8272 7640 7026 6039 5111 4398 3802 3288 2784 2199 1609 1133 560 
0 0 0 0 0 13 67 121 175 227 255 303 377 592 904 1153 1288 1417 1657 2042 2501 3099 3699 4189 4661 5090 5535 5905 6437 6866 7153 7422 7748 8131 8593 9070 9574 9943 10186 10456 10766 11092 11317 11595 11924 12172 12411 12544 12603 12618 12626 12715 12835 12939 12986 13081 13303 13504 13637 13771 13890 14122 14228 14292 14477 14676 14732 14740 14648 14442 14280 14152 14052 13949 13822 13639 13525 13364 13076 12734 12209 11789 11276 10697 10213 9821 9267 8655 7935 7103 5967 4925 4144 3661 3187 2665 2124 1410 807 392 
0 0 0 0 0 23 122 221 258 282 301 359 437 611 846 1068 1243 1411 1779 2430 3145 3772 4394 5006 5558 5842 6020 6185 6489 7054 7539 7855 8108 8573 9178 9787 10203 10417 10631 10875 11097 11573 11938 12131 12299 12387 12458 12526 12618 12687 12749 12832 12975 13177 13338 13402 13711 14016 14104 14140 14203 14310 14351 14402 14569 14761 14790 14768 14699 14627 14604 14466 14234 14032 13919 13754 13733 13714 13421 13056 12692 12294 11707 10952 10255 9893 9499 8914 8086 7040 6034 5237 4578 3987 3292 2489 1917 1234 677 328 
0 0 0 0 0 9 46 89 210 334 441 585 735 869 966 1188 1569 1958 2302 2944 3918 4599 5126 5418 5932 6315 6493 6579 6763 7212 7702 8196 8586 8910 9555 10246 10568 10734 10867 11002 11193 11527 11846 12122 12315 12342 12365 12435 12596 12750 12828 12984 13154 13335 13466 13516 13745 13973 14023 14026 14118 14229 14271 14376 14531 14646 14651 14651 14706 14756 14636 14446 14238 14078 14152 14189 14123 14118 13949 13659 13379 12898 12326 11322 10425 9906 9403 8942 8419 7571 6724 5930 5096 4125 3252 2365 1822 1274 898 459 
0 0 0 0 0 0 0 5 149 307 438 612 795 908 974 1181 1693 2406 3032 3590 4368 5071 5640 5826 6141 6454 6737 6997 7305 7786 8280 8720 9092 9266 9672 10234 10694 10976 11061 11118 11248 11439 11638 12023 12336 12433 12438 12539 12770 12975 12999 13256 13472 13542 13576 13605 13718 13865 13937 13958 14007 14067 14114 14267 14414 14420 14388 14388 14464 14515 14311 14092 13991 13951 14020 14060 14044 14066 13929 13727 13426 12979 12571 11844 11210 10523 9710 9060 8591 7882 7072 6269 5363 4222 3160 2195 1790 1346 1045 544 
0 0 0 0 0 0 0 1 104 222 297 381 501 749 1050 1336 1839 2665 3488 4125 4728 5390 5922 6172 6356 6648 7108 7605 7896 8149 8466 8875 9180 9308 9607 10045 10639 11031 11169 11284 11385 11499 11691 12091 12440 12680 12780 12831 12960 13157 13276 13421 13536 13590 13670 13750 13878 14053 14137 14176 14199 14204 14203 14253 14264 14165 14110 14110 14111 14067 13873 13736 13815 13909 13856 13794 13810 13866 13772 13627 13159 12638 12305 11868 11406 10789 10101 9457 8828 8113 7332 6652 5755 4609 3494 2554 1976 1347 923 482 
0 0 0 0 0 0 0 0 59 127 188 286 436 860 1467 1971 2392 3017 3728 4539 5214 5829 6195 6385 6674 7012 7407 7877 8216 8330 8513 8798 9094 9284 9444 9691 10149 10594 11129 11544 11707 11742 11858 12090 12391 12817 13049 13069 13207 13506 13759 13772 13786 13827 13897 13962 13996 14042 14061 14117 14193 14166 14087 14087 14074 14041 14025 14025 14051 14052 13864 13771 13865 13927 13889 13798 13751 13666 13476 13304 12963 12504 12203 11984 11657 11100 10588 9948 9324 8797 8039 7202 6299 5382 4463 3547 2429 1443 893 466 
0 0 0 0 0 0 0 0 6 43 166 426 692 1104 1837 2506 2962 3430 4001 4731 5325 5815 6041 6277 6781 7200 7458 7723 8062 8241 8479 8675 8952 9274 9466 9563 9716 10055 10780 11294 11518 11642 11747 11918 12235 12615 12827 13045 13343 13610 13806 13806 13870 13956 14018 14025 14025 13991 13938 13964 14016 13984 13908 13852 13821 13859 13926 14000 14034 14024 13873 13781 13794 13867 13896 13779 13623 13327 12957 12754 12710 12645 12474 12201 11862 11298 10856 10404 9884 9335 8641 7727 6923 6316 5454 4336 2979 1916 1251 649 
0 0 0 0 0 0 0 0 0 84 255 515 724 1018 1709 2489 3351 3962 4297 4618 5099 5658 6024 6327 6757 7203 7524 7741 7971 8115 8376 8639 8912 9320 9781 9944 9945 10109 10512 10824 11118 11422 11614 11762 12097 12430 12703 13051 13350 13458 13516 13516 13557 13609 13644 13644 13644 13602 13515 13517 13517 13516 13491 13351 13271 13388 13621 13856 13857 13759 13569 13512 13517 13556 13530 13455 13335 13129 12849 12780 12851 12836 12488 11964 11556 11104 10853 10610 10178 9618 9069 8190 7373 6846 6062 4946 3672 2765 1921 979 
0 0 0 0 0 0 37 99 178 246 377 544 693 892 1534 2352 3374 4175 4558 4744 5035 5504 5981 6306 6644 7231 7712 7935 8030 8091 8250 8522 8854 9289 9691 9946 10008 10079 10187 10337 10629 11039 11418 11575 11761 11911 12074 12155 12225 12288 12404 12460 12485 12485 12485 12485 12485 12526 12554 12599 12621 12642 12661 12663 12703 12872 13109 13341 13504 13548 13332 13176 13100 13025 12956 12949 12874 12755 12631 12716 12797 12799 12569 12038 11525 11056 10871 10744 10462 9976 9390 8716 8074 7541 6678 5433 4120 3194 2223 1118 
0 0 0 9 39 68 119 183 328 494 693 891 1106 1308 1640 2025 2648 3322 3848 4324 4702 5128 5589 5940 6334 6847 7236 7568 7852 8060 8378 8747 9039 9291 9479 9728 9911 9963 9992 10094 10338 10732 11210 11455 11532 11516 11606 11570 11502 11527 11671 11734 11762 11769 11786 11842 11909 11949 11968 12037 12145 12240 12290 12345 12376 12367 12371 12505 12889 13187 13242 13049 12849 12668 12694 12739 12604 12523 12555 12643 12568 12576 12538 12127 11591 11136 10971 10882 10696 10254 9662 9316 8953 8134 7003 6014 5032 3986 2752 1382 
0 0 0 27 119 216 285 324 365 470 634 877 1163 1393 1508 1660 2038 2545 3125 3873 4435 4788 5118 5464 5903 6279 6599 7034 7475 7759 8189 8582 8755 8856 9008 9271 9502 9591 9721 9915 10126 10353 10537 10737 10841 10846 10980 11033 10995 10982 11010 11039 11087 11151 11245 11452 11681 11785 11827 11941 12008 11997 12022 12071 12035 11915 11786 11760 12035 12406 12756 12758 12670 12591 12496 12381 12305 12361 12532 12670 12550 12623 12681 12341 11920 11536 11207 10973 10821 10474 10040 9775 9418 8650 7651 6808 5890 4741 3381 1734 
0 60 120 173 207 260 397 546 553 503 538 741 989 1192 1343 1556 1864 2230 2758 3450 3958 4300 4521 4757 5141 5610 6190 6747 7116 7318 7627 7873 7967 8029 8162 8410 8642 8839 8998 9260 9566 9814 9824 9899 9990 10056 10219 10324 10324 10324 10324 10451 10647 10824 10945 11085 11237 11323 11401 11582 11604 11481 11427 11484 11517 11581 11586 11543 11599 11725 12050 12232 12377 12477 12333 12182 12160 12244 12363 12521 12527 12754 12937 12751 12411 11947 11451 11123 10873 10478 10039 9753 9439 9023 8394 7575 6518 5434 4076 2105 
0 94 188 262 286 325 447 587 624 618 686 840 1003 1127 1289 1529 1811 2067 2411 2892 3342 3828 4166 4419 4704 5154 5769 6292 6572 6814 7113 7268 7387 7520 7665 7866 8079 8348 8513 8678 8810 8935 8984 9042 9151 9412 9658 9816 9857 9857 9857 10010 10207 10355 10393 10374 10426 10523 10657 10814 10832 10770 10721 10762 10881 11107 11280 11372 11382 11265 11450 11675 11984 12203 12201 12162 12048 12068 12151 12318 12407 12668 12877 12757 12448 12056 11710 11384 10947 10437 9960 9632 9364 9108 8677 8073 7195 6082 4587 2363 
0 94 188 277 352 429 481 509 546 624 722 794 871 1039 1269 1491 1641 1785 2081 2442 2924 3469 3967 4338 4636 4988 5324 5724 5983 6259 6514 6564 6719 6990 7273 7488 7635 7847 7980 8065 8069 8114 8208 8302 8446 8789 9121 9335 9417 9417 9417 9452 9486 9510 9510 9398 9315 9358 9482 9632 9722 9838 9841 9798 9908 10056 10265 10530 10691 10680 10940 11210 11671 12050 12118 12101 12004 11999 12127 12266 12282 12679 12912 12740 12432 12159 11923 11564 10992 10512 10181 9919 9669 9417 9015 8435 7670 6694 5279 2718 
157 193 229 283 377 471 510 510 517 540 563 626 719 898 1063 1225 1364 1542 1812 2079 2557 3074 3581 4049 4408 4716 4927 5229 5406 5668 5921 6008 6150 6484 6819 6977 7043 7173 7296 7454 7537 7639 7743 7837 7914 8052 8304 8464 8505 8505 8505 8484 8462 8512 8574 8589 8574 8647 8759 8920 9070 9229 9239 9125 9118 9180 9445 9785 9982 10118 10498 10872 11391 11746 11940 12073 12167 12148 12141 12180 12222 12675 12935 12834 12526 12177 11954 11702 11230 10782 10447 10192 9938 9664 9250 8734 8125 7325 5972 3071 
184 210 236 283 377 471 510 510 510 510 510 584 683 765 773 884 1138 1461 1693 1875 2234 2591 3046 3606 4074 4426 4608 4806 4917 5105 5306 5467 5634 5949 6234 6353 6362 6433 6561 6774 6912 7062 7182 7276 7320 7350 7532 7637 7637 7637 7637 7656 7675 7774 7899 8060 8163 8280 8362 8448 8555 8659 8720 8715 8787 8908 9242 9548 9720 9962 10329 10670 11034 11241 11515 11831 12194 12321 12249 12167 12245 12730 12953 12888 12533 12111 11908 11722 11303 10859 10629 10525 10301 9974 9557 9057 8515 7758 6379 3276 
16 146 276 385 437 489 515 523 531 532 532 606 705 787 787 822 967 1238 1466 1618 1875 2192 2548 3015 3514 3902 4044 4107 4165 4298 4448 4683 4986 5223 5377 5554 5625 5686 5768 5879 5939 6011 6074 6121 6225 6354 6657 6793 6827 6848 6871 6921 6962 7008 7052 7174 7316 7403 7423 7444 7596 7752 7873 7942 8129 8301 8603 8903 9184 9411 9635 9912 10222 10447 10769 11318 11929 12171 12262 12211 12239 12755 13009 12980 12628 12264 12106 11915 11437 10977 10813 10768 10600 10235 9767 9253 8837 8266 6849 3513 
0 188 376 510 551 612 645 702 758 764 764 794 813 796 835 920 1057 1231 1390 1523 1721 2072 2312 2586 2968 3315 3398 3415 3436 3484 3573 3809 4116 4325 4460 4709 4859 4900 4952 5018 5053 5094 5165 5205 5319 5481 5792 5987 6158 6259 6327 6393 6428 6428 6335 6281 6341 6378 6378 6380 6582 6799 7051 7244 7447 7629 7923 8267 8636 8916 9140 9400 9769 10096 10515 11092 11616 11954 12307 12339 12260 12672 12954 13003 12739 12393 12205 12048 11642 11253 11047 10916 10774 10496 10049 9503 9112 8558 7055 3617 
0 113 225 330 512 742 827 910 994 1004 1004 1004 956 831 882 1044 1244 1347 1407 1506 1659 1953 2081 2242 2454 2557 2522 2547 2601 2632 2743 2935 3066 3199 3413 3654 3736 3801 3954 4133 4181 4219 4316 4386 4440 4496 4593 4826 5166 5398 5495 5591 5650 5650 5584 5512 5505 5505 5505 5514 5709 5932 6289 6572 6686 6722 6991 7418 7738 8053 8562 9007 9262 9533 10185 10993 11653 12123 12532 12520 12314 12573 12801 12874 12701 12456 12377 12296 11877 11416 11140 10995 10856 10597 10244 9792 9442 8824 7214 3697 
0 8 39 189 505 823 944 980 1016 1020 1020 1020 993 953 1058 1155 1253 1275 1338 1480 1594 1801 1873 1958 2102 2194 2135 2118 2212 2280 2395 2529 2562 2638 2834 3012 3065 3171 3379 3615 3616 3579 3612 3703 3781 3796 3804 3993 4311 4647 4853 4988 5092 5120 5127 5135 5136 5136 5136 5152 5275 5429 5679 5884 5942 5883 6224 6795 7133 7358 8057 8787 9132 9267 9948 10896 11752 12286 12504 12331 12251 12602 12804 12874 12710 12508 12495 12437 11992 11501 11276 11194 11105 10815 10451 10009 9644 8975 7300 3740 
0 15 79 301 567 783 905 959 1014 1020 1020 1022 1046 1104 1178 1148 1167 1165 1231 1403 1570 1743 1771 1789 1896 2048 2048 1986 1976 1975 2000 2027 2029 2070 2234 2385 2460 2603 2804 3008 3025 3012 3023 3102 3181 3196 3204 3395 3655 4007 4329 4510 4691 4821 4870 4922 4930 4930 4930 4938 4911 4902 5057 5284 5454 5507 5926 6509 6880 7132 7713 8305 8632 8738 9327 10250 11300 12046 12369 12305 12406 12715 12830 12879 12710 12508 12495 12437 12021 11587 11427 11353 11270 10968 10568 10109 9748 9083 7365 3773 
0 145 285 427 560 669 768 858 949 959 959 968 1074 1161 1150 1101 1017 959 968 1078 1287 1479 1538 1586 1677 1770 1877 1914 1850 1744 1734 1734 1734 1748 1829 1945 2080 2211 2309 2424 2527 2612 2614 2632 2649 2653 2661 2851 3091 3349 3592 3777 3974 4136 4252 4415 4456 4490 4528 4560 4440 4322 4428 4697 4937 5060 5494 6131 6631 7006 7475 7914 8194 8390 8953 9844 10976 11785 12140 12362 12817 13037 13015 12983 12761 12546 12510 12447 12054 11648 11486 11393 11295 11011 10627 10209 9904 9412 7762 3973 
0 246 443 517 541 564 622 701 782 791 791 803 943 1046 1046 1046 894 791 793 828 964 1115 1187 1240 1347 1464 1694 1790 1737 1602 1594 1594 1594 1594 1656 1775 1918 2000 2096 2216 2363 2490 2517 2545 2550 2540 2503 2530 2613 2725 2832 2949 3151 3305 3448 3674 3793 3916 4030 4121 4076 4018 4098 4287 4473 4615 5140 5903 6493 6891 7358 7821 8222 8641 9328 10123 11037 11603 11973 12459 13024 13221 13208 13150 12901 12652 12553 12473 12133 11778 11584 11440 11302 11081 10765 10381 10063 9556 7869 4027 
0 246 443 510 510 510 549 615 682 714 742 777 917 1020 1020 1020 868 765 765 765 843 943 990 1025 1128 1258 1395 1431 1449 1413 1463 1470 1496 1505 1539 1595 1646 1684 1840 1962 1945 1973 2108 2216 2256 2260 2194 2103 2074 2102 2282 2463 2603 2755 2964 3135 3262 3377 3392 3380 3427 3588 3776 3933 4091 4305 4945 5778 6381 6813 7383 7992 8479 8927 9649 10483 11405 11938 12294 12664 13055 13250 13265 13214 12965 12719 12625 12549 12199 11837 11652 11511 11376 11166 10889 10580 10267 9735 7953 4068 
88 291 454 510 510 510 542 588 603 676 824 961 1027 1076 1076 1045 868 765 765 765 777 793 894 1010 1046 1044 1005 971 1006 1006 1075 1096 1182 1223 1184 1121 1120 1135 1204 1240 1154 1184 1331 1404 1474 1542 1571 1524 1507 1531 1762 2009 2181 2391 2629 2726 2801 2875 2899 2895 2972 3226 3496 3755 4000 4336 4976 5756 6321 6873 7649 8494 9032 9323 9972 10857 11827 12355 12534 12732 13055 13250 13265 13214 12965 12753 12723 12669 12255 11837 11693 11605 11511 11269 10978 10687 10337 9767 7954 4069 
355 429 488 510 510 510 604 731 734 785 969 1142 1142 1142 1142 1020 766 663 663 663 663 663 775 907 918 855 761 675 602 499 511 523 575 596 556 499 491 491 491 512 539 640 710 725 768 850 949 980 980 1004 1235 1540 1808 2084 2325 2444 2542 2644 2718 2765 2838 2980 3200 3576 3962 4328 4879 5648 6383 7214 8101 8884 9363 9645 10354 11235 12108 12592 12688 12779 13055 13250 13265 13214 12965 12763 12750 12717 12332 11934 11756 11636 11552 11333 11044 10693 10319 9787 7983 4080 
510 510 510 510 548 626 697 764 765 769 902 1033 1033 1033 1033 969 786 619 536 523 523 523 618 729 757 715 621 526 421 281 268 268 268 265 260 256 255 255 255 303 393 490 499 500 508 581 704 778 778 802 1033 1330 1512 1707 1943 2110 2261 2402 2493 2573 2753 2933 3216 3697 4084 4378 4892 5678 6577 7709 8799 9400 9670 9842 10550 11431 12217 12641 12799 12922 13112 13250 13265 13214 12965 12763 12750 12738 12415 12068 11827 11643 11557 11380 11103 10688 10252 9640 7739 3941 
510 510 517 546 618 734 765 765 765 765 893 1020 1020 1020 1020 1020 965 788 589 519 510 510 533 560 659 702 608 513 408 268 255 255 255 255 255 255 255 255 255 271 301 331 332 332 360 461 588 638 638 662 893 1131 1281 1475 1728 1856 1964 2073 2193 2332 2650 2951 3398 3981 4354 4704 5282 6139 7058 8129 9234 9862 10093 10195 10790 11617 12349 12688 12975 13213 13240 13250 13265 13214 12965 12763 12750 12740 12423 12086 11897 11765 11635 11361 11006 10514 10013 9176 7132 3617 
510 510 540 665 739 821 899 917 917 917 1045 1198 1243 1243 1243 1213 1136 1015 791 567 510 510 510 510 579 590 496 406 359 268 255 255 255 255 255 255 255 255 255 255 255 255 255 255 295 394 494 510 510 534 765 993 1178 1419 1690 1773 1836 1940 2089 2234 2490 2834 3392 4117 4672 5226 5964 6918 7824 8643 9502 10093 10380 10559 11100 11834 12520 12844 13124 13393 13352 13261 13265 13214 12965 12763 12750 12740 12423 12092 11949 11831 11613 11285 10934 10444 9815 8657 6409 3234 
510 510 545 712 812 897 995 1020 1020 1020 1148 1365 1519 1519 1519 1478 1380 1256 1000 621 510 510 510 510 510 447 353 267 284 248 235 235 235 235 235 235 235 235 235 235 235 235 235 235 275 374 474 490 490 514 745 973 1102 1280 1531 1622 1721 1918 2146 2380 2689 3098 3675 4369 5046 5914 6774 7555 8394 9208 10000 10544 10839 11020 11396 11938 12624 12992 13232 13486 13414 13246 13167 13123 12949 12763 12750 12740 12423 12092 11935 11761 11487 11180 10862 10340 9578 8377 6134 3101 
403 493 585 792 951 989 1014 1020 1079 1182 1310 1472 1530 1530 1530 1520 1495 1395 1075 742 607 510 510 510 510 447 353 261 193 85 72 72 72 72 72 72 72 72 72 72 72 72 72 72 112 211 311 327 327 351 582 810 901 1085 1397 1655 1896 2158 2404 2714 3186 3829 4582 5298 6018 6876 7600 8119 8941 9815 10513 11013 11280 11390 11667 12131 12770 13174 13392 13536 13414 13225 13077 13038 12934 12763 12750 12740 12423 12092 11935 11761 11455 11056 10600 9964 9163 7974 5770 2917 
266 581 827 922 1007 1020 1022 1075 1164 1275 1403 1530 1530 1530 1530 1530 1530 1455 1164 899 736 585 531 510 510 447 353 258 153 13 0 0 0 0 0 0 0 0 0 0 0 0 0 0 40 139 239 258 274 323 573 820 971 1289 1735 2165 2493 2765 3111 3481 3855 4695 5785 6689 7397 7956 8435 8782 9466 10294 10957 11426 11723 11909 12181 12599 13041 13435 13669 13644 13414 13307 13187 13066 12934 12758 12719 12685 12365 12024 11842 11684 11379 10839 10033 9083 8346 7477 5599 2841 
255 673 1009 1020 1020 1023 1054 1249 1338 1339 1467 1594 1594 1594 1594 1594 1594 1568 1402 1124 868 747 577 510 510 447 353 258 153 13 0 0 0 0 0 0 0 0 0 0 0 0 0 0 40 142 264 362 533 756 1052 1298 1655 2201 2806 3158 3406 3697 4124 4520 4930 5879 6897 7636 8134 8584 9109 9521 10029 10620 11128 11566 11978 12332 12716 13257 13557 13707 13770 13687 13402 13297 13248 13090 12934 12744 12644 12553 12244 11901 11649 11440 11057 10331 9357 8315 7634 7007 5377 2734 
255 673 1009 1020 1020 1097 1367 1576 1651 1651 1779 1906 1906 1906 1906 1906 1906 1906 1697 1289 983 938 716 581 581 518 424 329 224 84 71 52 20 0 0 0 0 0 0 0 0 0 0 0 40 213 480 819 1214 1629 1895 2021 2610 3358 3998 4208 4534 4927 5462 5969 6505 7284 7937 8387 8636 8920 9513 10135 10674 11295 11810 12166 12448 12837 13143 13422 13627 13739 13751 13715 13490 13264 13214 13090 12934 12714 12521 12339 12099 11806 11540 11275 10737 9782 8757 7878 7252 6594 4964 2518 
306 699 1011 1061 1134 1304 1621 1799 1886 1907 2035 2162 2174 2203 2249 2287 2349 2389 2232 1971 1843 1727 1331 1121 1095 1024 955 886 753 583 522 414 272 214 214 214 214 214 224 296 375 452 500 531 670 1070 1597 2092 2510 2936 3312 3551 4012 4602 5210 5508 5746 6051 6606 7270 7764 8252 8685 9051 9309 9673 10364 11010 11537 12234 12776 12983 13018 13286 13459 13514 13729 13939 13929 13737 13455 13268 13214 13008 12814 12619 12375 12128 11929 11667 11300 10788 10079 9184 8327 7550 6832 6013 4392 2226 
458 800 1073 1179 1314 1518 1789 2012 2203 2283 2411 2538 2587 2698 2817 2920 3106 3274 3328 3354 3399 3074 2454 2100 1930 1753 1708 1667 1380 1068 907 752 582 519 480 448 448 455 492 713 956 1205 1400 1593 2060 2742 3406 3903 4214 4490 4911 5295 5506 5794 6416 6967 7180 7376 7742 8401 8918 9310 9615 9884 10231 10706 11313 11921 12515 13236 13703 13780 13673 13638 13608 13616 13823 14067 14107 13845 13466 13268 13214 12833 12518 12372 12158 11861 11557 11265 10746 9987 9248 8450 7682 6962 6189 5178 3546 1784 
408 765 1106 1330 1670 1935 2160 2418 2674 2797 2987 3191 3296 3433 3549 3711 3990 4209 4388 4547 4669 4363 3747 3301 2995 2691 2571 2432 1950 1536 1387 1342 1332 1319 1256 1232 1251 1341 1529 1887 2180 2450 2795 3275 3886 4379 4862 5343 5598 5838 6306 6675 6830 7012 7524 8100 8605 8940 9130 9681 10267 10672 11042 11287 11503 11826 12307 12876 13403 13776 13922 14082 14129 14091 14021 14014 14076 14156 14122 13845 13466 13265 13157 12690 12288 12104 11876 11491 11008 10510 9806 9069 8437 7732 6999 6210 5433 4576 3100 1535 
255 705 1172 1489 1959 2417 2847 3168 3412 3561 3842 4182 4372 4617 4879 5061 5216 5329 5505 5531 5617 5512 5108 4688 4354 4076 3875 3556 3125 2718 2520 2580 2758 2820 2823 2929 3001 3145 3394 3694 3870 4028 4458 5139 5665 5852 6079 6352 6566 6843 7445 7971 8271 8500 8758 9164 9750 10230 10520 11021 11564 11963 12402 12683 12850 13009 13473 13956 14292 14302 14173 14205 14219 14211 14213 14279 14214 14089 13992 13765 13385 13109 12855 12395 12027 11800 11444 10934 10279 9637 9080 8580 7969 7223 6450 5635 4707 3882 2714 1363 
305 886 1489 1963 2493 3200 3833 4183 4363 4606 5072 5631 6069 6585 7019 7202 7370 7408 7351 7329 7447 7405 7234 6890 6572 6301 5971 5599 5421 5241 4944 4726 4809 4893 5030 5340 5573 5890 6246 6448 6517 6609 6895 7267 7470 7545 7662 7781 7902 8115 8654 9271 9637 9922 10067 10327 10780 11385 11864 12239 12598 12930 13401 13772 13900 13971 14212 14458 14632 14594 14431 14374 14275 14211 14193 14193 14119 13997 13785 13518 13116 12692 12345 12032 11700 11335 10926 10385 9520 8649 8177 7933 7538 6894 6108 5143 3947 2956 2009 1013 
246 931 1702 2622 3341 4040 4540 4866 5100 5537 6226 7085 7998 8702 9086 9396 9886 10074 9893 9791 9841 9758 9791 9711 9642 9392 9002 8713 8668 8697 8403 7892 7752 7730 7854 8167 8449 8840 9164 9301 9366 9460 9502 9545 9649 9799 9916 10012 10142 10372 10638 11014 11298 11573 11820 12024 12282 12788 13206 13422 13637 13786 14068 14390 14476 14554 14672 14797 14862 14776 14565 14453 14326 14248 14178 14052 13906 13742 13518 13296 12965 12507 12102 11724 11221 10766 10361 9708 8872 8129 7665 7311 6872 6164 5295 4254 3124 2114 1361 686 
89 995 2046 3293 4071 4707 5270 5783 6234 7034 7940 8781 9725 10526 10993 11335 11939 12341 12354 12173 12101 12041 12236 12309 12359 12364 12359 12202 11992 11965 11834 11625 11555 11412 11444 11617 11749 11833 11809 11779 11767 11823 11823 11863 12009 12177 12228 12312 12428 12529 12566 12712 12891 13155 13516 13766 13907 14238 14489 14564 14594 14609 14625 14645 14657 14716 14845 14983 15057 15029 14796 14453 14206 14139 14060 13920 13665 13420 13299 13130 12757 12241 11767 11216 10619 10027 9566 8965 8253 7616 7165 6657 6067 5402 4449 3239 2412 1577 929 466 
468 1644 2938 4085 4781 5494 6316 7143 7864 8721 9671 10437 11142 11725 12339 12877 13327 13640 13848 13882 13760 13614 13730 13821 13898 13990 14088 13964 13748 13725 13781 13782 13698 13526 13490 13534 13544 13491 13434 13472 13450 13450 13450 13478 13535 13592 13709 14013 14255 14263 14263 14300 14400 14579 14774 14856 14892 14973 15033 15054 14993 14927 14944 15011 15054 15060 15113 15091 15048 15008 14717 14302 14021 13934 13803 13603 13380 13249 13178 12856 12166 11513 10956 10432 10011 9280 8681 8265 7778 7154 6539 5800 4891 4106 3389 2578 2020 1389 837 419 
739 2050 3446 4763 5778 6547 7351 8420 9437 10144 10990 11660 12149 12519 13039 13558 13944 14171 14247 14280 14345 14433 14518 14580 14631 14674 14764 14697 14558 14546 14583 14584 14552 14509 14494 14494 14494 14461 14386 14380 14380 14380 14380 14380 14380 14410 14555 14872 15126 15134 15134 15134 15186 15254 15300 15300 15300 15300 15300 15300 15223 15139 15161 15246 15300 15300 15295 15170 15037 14944 14555 14156 13882 13743 13528 13322 13214 12995 12789 12311 11429 10660 10044 9523 9129 8542 7946 7568 7247 6561 5664 4755 3676 2859 2481 2135 1693 1103 620 310 
713 2279 3929 5448 6501 7373 8225 9468 10474 10864 11329 11811 12386 12978 13349 13579 13971 14251 14333 14388 14452 14552 14657 14744 14793 14795 14895 14966 14988 14988 14988 14988 14988 14988 14988 14988 14988 14988 14988 14988 14988 14988 14988 14988 14988 15078 15194 15255 15299 15300 15300 15300 15300 15300 15300 15300 15300 15300 15300 15300 15290 15278 15281 15293 15291 15233 15174 15043 14716 14458 14204 13905 13630 13484 13334 13149 12869 12466 12028 11429 10469 9670 9194 8680 8227 7893 7361 6739 6200 5462 4494 3517 2751 2301 2094 1812 1270 745 385 193 
1401 3031 4740 6123 6886 7780 8868 10087 10876 11142 11504 11985 12564 13118 13347 13515 13934 14233 14397 14517 14535 14570 14657 14773 14880 14940 14982 15024 15045 15045 15045 15045 15045 15045 15045 15045 15045 15045 15045 15045 15045 15045 15045 15087 15147 15217 15289 15300 15300 15300 15300 15300 15300 15300 15300 15300 15300 15300 15300 15300 15300 15300 15298 15290 15213 14984 14790 14620 14200 13770 13637 13553 13421 13226 13019 12717 12157 11512 10760 9933 9103 8528 8262 7940 7633 7301 6621 5772 5052 4294 3483 2850 2431 2062 1772 1410 815 351 139 69 
2153 3727 5337 6570 7387 8291 9300 10237 10936 11343 11717 12129 12693 13178 13384 13589 13991 14233 14397 14517 14535 14570 14657 14794 14942 15044 15045 15045 15045 15045 15045 15045 15045 15045 15045 15045 15045 15045 15045 15045 15045 15045 15045 15137 15269 15300 15300 15300 15300 15300 15300 15300 15300 15300 15300 15300 15300 15300 15300 15300 15296 15285 15241 15129 14910 14630 14361 14080 13841 13605 13482 13229 12968 12640 12113 11527 10836 10160 9363 8606 8204 7924 7743 7482 7113 6594 5691 4737 3935 3294 2730 2357 2049 1645 1220 889 459 115 0 0 
1750 3540 5342 6655 7707 8594 9421 10228 10959 11419 11805 12194 12625 12984 13262 13583 14024 14268 14442 14581 14637 14680 14724 14818 14942 15044 15045 15045 15045 15045 15045 15045 15045 15045 15045 15045 15045 15045 15045 15045 15045 15045 15045 15137 15269 15300 15300 15300 15300 15300 15300 15300 15300 15300 15300 15300 15300 15300 15300 15300 15226 15042 14854 14619 14384 14265 14043 13776 13537 13351 13097 12609 12271 11897 11113 10257 9485 9005 8468 8013 7848 7505 7141 6683 5858 5099 4319 3650 3041 2592 2174 1836 1560 1254 882 561 288 72 0 0 
1633 3489 5326 6555 7615 8446 9172 9918 10748 11341 11811 12139 12511 12845 13191 13575 13996 14276 14504 14650 14738 14820 14850 14902 14973 15044 15045 15045 15045 15045 15045 15045 15045 15045 15045 15045 15045 15045 15045 15045 15045 15061 15088 15169 15275 15300 15300 15300 15300 15300 15300 15300 15300 15300 15300 15298 15287 15227 15173 15172 14990 14617 14294 14068 13927 13806 13603 13386 12986 12586 12129 11564 11237 10908 10272 9536 8696 8186 7869 7455 7083 6760 6287 5626 4543 3508 2934 2609 2335 2033 1772 1458 1159 832 527 267 136 32 0 0 
2083 3716 5318 6229 7085 7829 8547 9412 10339 10964 11541 11972 12398 12752 13133 13477 13815 14117 14319 14486 14637 14768 14900 14995 15031 15045 15045 15045 15045 15045 15045 15045 15045 15045 15045 15045 15045 15045 15045 15045 15045 15108 15211 15264 15293 15300 15300 15300 15300 15300 15300 15300 15300 15297 15288 15265 15140 14862 14643 14508 14304 14092 13851 13657 13502 13168 12811 12513 12120 11585 11069 10463 9849 9316 8974 8527 7926 7441 6931 6323 5671 5172 4497 3809 3215 2598 2195 1978 1833 1607 1379 1108 801 408 146 0 0 0 0 0 
1107 2926 4725 5794 6536 7208 7887 8645 9360 10102 10956 11689 12189 12543 12885 13145 13414 13803 14087 14329 14535 14627 14771 14909 15000 15045 15045 15045 15045 15045 15045 15045 15045 15045 15045 15045 15045 15045 15045 15045 15045 15097 15182 15241 15289 15300 15300 15300 15300 15300 15300 15249 15198 15140 15025 14944 14775 14443 14076 13711 13514 13462 13356 13156 12719 12145 11734 11435 11149 10621 10050 9414 8603 7820 7480 7022 6499 5925 5255 4658 4075 3526 2992 2513 2259 1942 1673 1520 1387 1128 747 432 224 107 39 0 0 0 0 0 
298 1922 3561 4993 5984 6670 7363 8099 8725 9504 10353 11097 11658 12016 12317 12655 13092 13450 13711 14091 14420 14542 14657 14794 14942 15044 15045 15045 15045 15045 15045 15045 15045 15045 15045 15045 15045 15045 15045 15045 15045 15050 15058 15147 15271 15300 15286 15268 15257 15255 15172 14994 14811 14657 14453 14280 14092 13783 13394 12963 12555 12339 12231 12060 11635 11093 10553 9974 9513 9074 8486 7846 7278 6718 6293 5786 5244 4508 3736 3091 2515 2097 1892 1775 1699 1541 1366 1156 861 507 225 74 0 0 0 0 0 0 0 0 
36 1336 2658 4238 5489 6170 6758 7575 8139 8836 9506 10369 11041 11401 11786 12246 12678 13001 13306 13720 14056 14403 14649 14794 14942 15044 15045 15045 15045 15045 15045 15045 15045 15045 15045 15045 15045 15045 15045 15039 15012 14989 14989 15081 15213 15244 15172 15036 14931 14882 14647 14382 14087 13817 13554 13375 13211 12954 12623 12200 11635 11228 10946 10638 10376 9999 9330 8437 7583 6874 6168 5640 5340 5040 4643 4179 3738 3271 2781 2365 1985 1659 1403 1251 1120 978 871 661 353 67 0 0 0 0 0 0 0 0 0 0 
0 778 1576 3018 4475 5388 6026 6652 7284 8185 8839 9603 10111 10465 11046 11699 12030 12402 13030 13487 13702 13994 14301 14529 14743 14942 15002 15037 15045 15045 15045 15045 15045 15045 15045 15045 15045 15045 15045 14966 14798 14670 14651 14698 14795 14821 14735 14485 14306 14196 13877 13550 13219 12762 12249 11958 11735 11459 11212 11025 10742 10172 9490 8865 8531 8195 7701 7078 6349 5529 4739 4100 3732 3454 3035 2510 2097 1845 1685 1634 1565 1410 1110 869 620 375 208 127 60 6 0 0 0 0 0 0 0 0 0 0 
0 254 518 1283 2403 3598 4773 5689 6461 7293 8019 8624 9038 9553 10340 11014 11458 11870 12300 12725 13092 13341 13669 14003 14332 14634 14797 14906 14943 14959 14984 14984 14984 14963 14903 14861 14861 14861 14861 14739 14532 14301 14160 14032 13940 13760 13433 13065 12880 12778 12563 12348 12110 11670 11121 10661 10069 9417 8955 8873 8695 7860 6884 6362 5925 5460 5132 4836 4521 4079 3606 3055 2520 2121 1805 1539 1277 1048 893 832 765 664 507 396 275 141 30 0 0 0 0 0 0 0 0 0 0 0 0 0 
0 8 15 263 835 1856 3175 4329 5231 6033 7035 7755 8243 8785 9456 9949 10521 11077 11375 11764 12331 12670 12964 13297 13695 13960 14060 14191 14292 14444 14624 14604 14589 14558 14453 14360 14293 14220 14146 13984 13795 13504 13219 13039 12779 12319 11638 11244 11097 10926 10718 10567 10376 10011 9522 8930 8078 7248 6595 6412 6195 5610 4879 4493 3949 3365 3031 2828 2631 2412 2172 1894 1512 1223 1053 968 840 648 481 366 239 89 0 0 0 0 0 0 0 0 0 0 0 0 0 0 0 0 0 0 
0 0 0 61 185 513 1229 2267 3539 4703 5667 6445 7174 7697 8306 8862 9426 9979 10540 10891 11099 11217 11512 12018 12528 12921 13060 13232 13354 13572 13785 13693 13672 13812 13874 13807 13597 13355 13079 12592 12052 11587 11248 11117 10788 10329 9883 9735 9574 9182 8732 8457 8060 7502 6901 6299 5760 5358 4842 4420 4117 3792 3178 2627 2168 1821 1641 1459 1242 1035 807 665 531 468 376 301 233 188 146 112 74 28 0 0 0 0 0 0 0 0 0 0 0 0 0 0 0 0 0 0 
0 0 0 0 0 66 390 998 1813 2547 3068 3547 4074 4358 4677 5016 5315 5633 6034 6237 6262 6268 6481 6860 7180 7448 7571 7680 7729 7839 7940 7867 7868 8032 8127 8099 7955 7787 7583 7221 6801 6461 6237 6160 5969 5749 5604 5568 5435 5127 4786 4576 4292 3939 3590 3269 3064 2896 2593 2280 2076 1903 1544 1193 961 832 769 658 535 429 308 238 181 167 104 43 0 0 0 0 0 0 0 0 0 0 0 0 0 0 0 0 0 0 0 0 0 0 0 0 
