60
0
100
100
0 0 0 0 0 0 71 246 478 736 943 1387 1843 2151 2295 2372 2478 2707 2931 3096 3009 2858 2729 2483 2539 2868 3065 2883 2867 3010 3111 3407 4045 4733 5002 5137 5273 5439 5437 5360 5202 5184 5273 5355 5355 5380 5396 5497 5691 5928 6247 6464 6558 6569 6630 6630 6630 6630 6519 6042 5410 5256 5181 5100 5182 5329 5568 5845 6037 6120 6146 5952 5581 5198 5130 5164 5356 5444 5401 5173 5253 5499 5432 5157 4694 3906 3282 2695 1962 1336 868 557 510 444 236 27 0 0 0 0 
0 0 0 16 103 192 448 854 1336 1680 1897 2120 2379 2624 2792 3044 3359 3608 3732 3914 4105 4364 4400 4337 4420 4710 5066 5120 5170 5398 5644 5896 6311 6837 7212 7460 7584 7603 7580 7685 7695 7602 7529 7599 7748 7888 7939 7937 8050 8277 8535 8611 8649 8697 8843 9015 9090 9145 9032 8729 8373 8206 8051 7999 8093 8244 8390 8520 8620 8686 8666 8519 8324 8161 8078 7996 8084 8264 8379 8283 8203 8210 8154 7909 7410 6714 6215 5678 5055 4494 3939 3442 2932 2411 1646 824 238 68 0 0 
0 5 10 62 268 562 1045 1553 2077 2430 2656 2746 2865 3092 3319 3711 4193 4486 4580 4863 5352 5945 6071 6155 6288 6579 7040 7295 7386 7660 8058 8302 8516 8876 9256 9542 9664 9626 9621 9851 9992 9904 9758 9819 9974 10074 10093 10017 10069 10266 10501 10551 10539 10566 10706 10933 11061 11180 11145 11037 10945 10852 10714 10673 10717 10806 10867 10922 10986 11059 11035 10952 10896 10874 10781 10644 10628 10758 10893 10856 10663 10489 10411 10156 9673 9118 8671 8155 7649 7172 6661 6088 5313 4504 3277 1958 910 383 77 35 
0 87 173 356 679 1253 1934 2434 2692 2982 3355 3690 3892 4138 4452 4751 5093 5412 5791 6297 6859 7421 7586 7815 8046 8357 8659 8885 9062 9371 9775 9973 10148 10442 10672 10829 10949 10978 10982 11146 11319 11456 11480 11480 11357 11235 11181 11128 11169 11313 11557 11729 11726 11688 11664 11720 11812 11989 12138 12240 12314 12415 12452 12348 12216 12137 12153 12263 12366 12410 12399 12335 12233 12155 12061 11961 11905 11824 11798 11734 11600 11441 11278 11017 10789 10421 9990 9556 9244 8938 8535 7918 7246 6583 5473 4127 2784 1333 356 164 
0 226 461 979 1546 2069 2510 2978 3312 3728 4230 4732 5041 5266 5775 6200 6563 6990 7443 7953 8472 8972 9239 9549 9841 10130 10392 10691 10936 11160 11334 11445 11632 11799 11902 11954 11984 11994 11994 12065 12170 12323 12424 12410 12273 12221 12275 12315 12369 12465 12590 12697 12750 12780 12757 12757 12800 12941 13077 13316 13539 13763 13879 13743 13536 13390 13392 13460 13544 13581 13504 13399 13324 13241 13136 13053 13010 12887 12773 12640 12482 12295 12170 12061 11976 11600 11175 10764 10527 10335 9940 9318 8655 8010 7170 6131 4705 2871 1482 728 
114 495 886 1597 2340 2872 3140 3512 3993 4508 5037 5564 5968 6152 6750 7397 7938 8642 9237 9663 9968 10305 10528 10710 10981 11204 11525 11985 12220 12311 12277 12315 12481 12628 12696 12710 12685 12685 12685 12688 12693 12758 12872 12980 13012 13043 13112 13158 13218 13297 13451 13594 13719 13854 13897 13897 13916 14012 14096 14265 14385 14501 14559 14449 14295 14202 14201 14234 14335 14405 14288 14180 14157 14057 13953 13908 13908 13829 13647 13435 13324 13241 13239 13269 13119 12768 12306 11776 11410 11259 10985 10601 10003 9246 8443 7708 6479 5007 3514 1777 
437 891 1355 2011 2747 3434 3950 4363 4759 5188 5766 6350 6778 6978 7474 8113 8651 9418 10153 10548 10788 11127 11415 11545 11672 11743 11917 12298 12584 12763 12824 12832 12927 13042 13053 13008 12963 12963 12968 12986 13007 13142 13335 13527 13616 13615 13615 13618 13658 13707 13958 14217 14381 14563 14646 14646 14647 14687 14741 14804 14804 14804 14804 14715 14601 14549 14549 14573 14649 14694 14576 14473 14453 14353 14254 14218 14218 14194 14077 13925 13891 13891 13901 13916 13787 13608 13270 12888 12575 12279 11950 11671 11223 10432 9510 8635 7631 6541 5042 2567 
690 1225 1773 2443 3120 3790 4484 5111 5645 6024 6432 6904 7332 7646 8170 8856 9310 9986 10662 11039 11355 11715 11921 11991 12027 12059 12184 12505 12805 12989 13063 13089 13207 13324 13353 13369 13427 13453 13482 13594 13700 13892 14102 14164 14150 14137 14186 14234 14304 14377 14540 14645 14754 14889 14985 14985 14985 14990 14998 15006 15006 15006 15006 14917 14803 14751 14751 14756 14773 14759 14638 14535 14515 14415 14316 14280 14280 14280 14198 14087 14076 14076 14076 14069 13964 13860 13693 13537 13409 13146 12828 12551 12203 11448 10482 9559 8651 7758 6120 3114 
937 1555 2186 3010 3764 4380 4972 5580 6223 6628 6849 7145 7698 8272 8857 9667 10231 10721 11224 11539 11839 12193 12311 12315 12357 12538 12791 13001 13186 13315 13355 13400 13540 13669 13708 13772 13911 13963 13980 14045 14125 14338 14561 14533 14444 14428 14543 14683 14779 14863 14912 14912 14949 15001 15045 15045 15045 15045 15045 15045 15045 15045 15045 14956 14842 14790 14790 14790 14790 14760 14638 14535 14515 14415 14316 14280 14280 14280 14213 14170 14227 14228 14228 14221 14116 14012 13951 13897 13727 13488 13287 13045 12703 12055 11281 10640 9642 8544 6579 3343 
1648 2084 2531 3309 4153 4961 5590 6083 6556 6912 7204 7599 8330 9061 9654 10372 10897 11157 11533 11862 12177 12518 12638 12708 12810 13082 13373 13555 13685 13731 13774 13893 14023 14118 14134 14166 14235 14261 14261 14261 14273 14473 14754 14844 14835 14817 14856 14971 15070 15143 15147 15147 15147 15147 15147 15147 15147 15147 15147 15147 15147 15147 15147 15058 14944 14892 14892 14892 14892 14862 14740 14637 14617 14517 14418 14382 14382 14382 14310 14244 14279 14280 14280 14273 14168 14064 14025 14002 13842 13623 13439 13198 12835 12279 11762 11442 10486 9296 7150 3633 
2091 2475 2875 3661 4586 5502 6169 6611 6933 7214 7647 8271 9069 9775 10339 10830 11217 11523 11874 12175 12522 12868 13014 13130 13226 13431 13630 13785 13903 13954 14029 14174 14390 14584 14635 14669 14704 14711 14732 14772 14813 14926 15074 15166 15197 15197 15197 15231 15271 15300 15300 15300 15300 15300 15300 15300 15300 15300 15300 15300 15300 15300 15300 15211 15097 15045 15045 15045 15045 15015 14893 14790 14770 14670 14571 14535 14535 14535 14448 14314 14280 14280 14280 14273 14168 14064 14025 14025 13933 13776 13592 13351 12988 12455 11976 11726 11000 10098 7955 4037 
2223 2693 3184 4143 5147 5896 6490 7013 7390 7593 7987 8669 9557 10250 10792 11296 11768 12135 12404 12624 12852 13093 13283 13466 13583 13661 13787 13994 14178 14246 14319 14425 14587 14741 14790 14899 15014 15037 15078 15155 15232 15287 15295 15300 15300 15300 15300 15300 15300 15300 15300 15300 15300 15300 15300 15300 15300 15300 15300 15300 15300 15231 15163 15112 15066 15045 15045 15045 15045 15015 14893 14790 14770 14670 14571 14535 14535 14535 14448 14314 14280 14280 14280 14273 14168 14064 14025 14025 13933 13776 13592 13351 12988 12453 11961 11728 11176 10502 8432 4288 
2386 2936 3510 4528 5551 6231 6747 7251 7653 7839 8165 8981 10186 10960 11444 11895 12371 12592 12691 12817 12937 13105 13315 13573 13762 13777 13859 14137 14432 14602 14752 14856 14895 14922 14932 15013 15115 15173 15214 15246 15279 15300 15300 15300 15300 15300 15300 15300 15300 15300 15300 15300 15300 15300 15300 15300 15300 15300 15295 15272 15249 15157 15066 15045 15045 15045 15045 15032 14994 14944 14854 14776 14752 14659 14568 14535 14521 14494 14415 14307 14280 14280 14280 14273 14168 14064 14014 13970 13809 13614 13453 13248 12890 12298 11712 11348 10891 10217 8168 4162 
2680 3411 4145 5067 5888 6500 6918 7339 7702 7913 8314 9403 10797 11599 12034 12325 12603 12730 12750 12781 12817 12990 13266 13573 13848 13994 14111 14337 14666 14929 15025 15043 15054 15066 15078 15126 15195 15265 15300 15300 15300 15300 15300 15300 15300 15300 15300 15300 15300 15300 15300 15300 15300 15300 15300 15300 15300 15300 15280 15189 15098 15073 15050 15045 15045 15045 15045 15008 14894 14806 14746 14673 14613 14580 14547 14535 14478 14371 14314 14287 14280 14279 14277 14267 14159 14052 13987 13888 13623 13358 13165 12850 12360 11802 11303 10841 10299 9306 7073 3576 
2835 3739 4640 5516 6237 6787 7052 7392 7873 8288 8840 10017 11250 11885 12223 12456 12637 12742 12750 12743 12714 12871 13191 13492 13878 14249 14484 14646 14831 14967 14984 14984 15027 15083 15141 15178 15202 15227 15239 15239 15239 15239 15239 15239 15239 15239 15239 15230 15185 15142 15142 15142 15185 15230 15239 15206 15113 15006 14955 14887 14818 14817 14817 14817 14817 14790 14724 14652 14571 14502 14440 14366 14307 14310 14317 14292 14224 14142 14113 14113 14113 14083 14025 13959 13852 13671 13492 13351 13138 12880 12688 12199 11560 11093 10720 10127 9024 7605 5457 2751 
2805 3717 4628 5552 6377 7003 7228 7472 8009 8695 9397 10394 11473 12021 12247 12456 12637 12742 12803 12829 12728 12853 13231 13519 13868 14234 14430 14598 14736 14834 14854 14809 14780 14829 14881 14895 14906 14917 14919 14919 14919 14919 14919 14919 14919 14917 14912 14885 14738 14527 14423 14422 14517 14615 14627 14594 14471 14296 14209 14215 14218 14218 14218 14218 14218 14175 14010 13852 13737 13653 13621 13601 13585 13635 13702 13670 13606 13596 13577 13530 13497 13452 13373 13292 13229 13051 12784 12519 12229 11816 11562 11240 10768 10338 9822 8885 7263 5621 3826 1933 
2702 3573 4451 5478 6421 7138 7422 7709 8221 8914 9705 10616 11574 12078 12270 12476 12657 12762 12878 12958 12853 13025 13570 14052 14305 14354 14291 14436 14550 14584 14552 14509 14404 14361 14309 14260 14290 14248 14185 14182 14207 14216 14167 14108 14015 13880 13819 13777 13671 13347 13052 13050 12960 12846 12777 12777 12756 12685 12652 12704 12851 12938 12961 12948 12948 12935 12829 12688 12511 12394 12376 12371 12334 12299 12234 12169 12144 12088 11935 11667 11565 11619 11678 11715 11698 11654 11448 11167 10880 10427 10035 9757 9397 8904 7962 6628 5215 4075 2939 1489 
2803 3741 4691 5712 6530 7153 7462 7935 8594 9265 10080 10929 11702 12125 12375 12636 12817 12922 12968 13026 12964 13174 13754 14231 14356 14229 14122 14129 13943 13679 13498 13457 13333 13175 13057 13005 13017 12802 12525 12355 12420 12457 12325 12171 11941 11677 11621 11618 11629 11483 11279 11121 10890 10728 10621 10590 10581 10568 10501 10446 10610 10722 10701 10652 10650 10655 10661 10619 10482 10387 10352 10261 10205 10118 9965 9895 9947 9946 9844 9639 9523 9528 9608 9669 9554 9425 9262 9070 8908 8646 8374 8121 7688 7053 5947 4628 3652 2961 2243 1135 
2688 3886 5094 6167 6819 7266 7616 8273 9045 9716 10513 11329 12001 12306 12492 12711 12892 12997 13010 13120 13187 13412 13889 14263 14334 14222 14114 13878 13419 12973 12719 12637 12489 12214 11977 11887 11816 11554 11210 10836 10666 10491 10148 9895 9612 9405 9349 9335 9363 9331 9152 8762 8493 8477 8426 8387 8331 8420 8411 8312 8293 8278 8115 7987 7909 7929 7998 8068 8112 8129 8071 7914 7819 7751 7710 7735 7826 7907 7913 7822 7635 7468 7480 7491 7254 7001 6821 6576 6280 6106 6000 5888 5518 4937 4130 3369 2855 2395 1821 925 
2712 3845 4988 6100 6829 7327 7773 8502 9262 9982 10902 11768 12314 12487 12573 12711 12892 12997 13010 13145 13333 13690 14105 14344 14311 14190 13955 13416 12664 12008 11686 11616 11423 11026 10603 10347 10133 9904 9679 9413 9066 8713 8264 7944 7558 7226 7078 7026 7023 6989 6782 6448 6285 6303 6304 6306 6178 6170 6226 6262 6287 6185 5866 5614 5461 5476 5528 5600 5695 5657 5535 5481 5449 5432 5469 5496 5532 5562 5498 5384 5265 5183 5208 5220 5049 4892 4739 4509 4254 4165 4138 4119 3917 3577 3108 2680 2201 1811 1356 695 
2805 3836 4878 5982 6792 7436 7985 8757 9476 10144 11032 11912 12381 12495 12576 12711 12904 13029 13060 13175 13371 13739 14076 14228 14024 13672 13274 12564 11565 10845 10584 10517 10168 9620 9088 8711 8400 8122 7901 7720 7329 6946 6577 6278 5788 5263 4981 4884 4811 4739 4572 4380 4345 4312 4182 4053 3881 3732 3722 3796 3856 3730 3525 3386 3323 3323 3323 3323 3323 3278 3200 3221 3280 3332 3326 3321 3364 3367 3287 3207 3168 3168 3165 3148 3111 3089 3049 2985 2925 2910 2910 2907 2822 2657 2383 2128 1701 1273 880 455 
2711 3887 5068 6203 6949 7592 8159 8908 9571 10221 11014 11823 12330 12495 12576 12711 12938 13136 13285 13377 13409 13647 13986 14079 13687 13087 12523 11779 10841 10182 9819 9498 9053 8517 7981 7629 7381 7066 6749 6446 5946 5489 5174 4890 4338 3844 3617 3506 3392 3283 3184 3119 3118 3102 2980 2853 2749 2649 2603 2624 2630 2529 2445 2423 2406 2392 2374 2329 2284 2251 2171 2116 2095 2131 2114 2182 2286 2305 2281 2257 2270 2326 2372 2372 2372 2372 2372 2372 2372 2372 2372 2372 2346 2237 1945 1648 1236 724 344 172 
2769 4100 5426 6551 7238 7794 8390 9138 9732 10285 10978 11723 12278 12500 12613 12779 13014 13232 13549 13774 13658 13644 13927 14025 13576 12733 11989 11241 10348 9620 9150 8711 8247 7710 7222 6942 6781 6432 6032 5650 5108 4608 4348 4145 3679 3233 2990 2836 2728 2576 2425 2445 2465 2480 2394 2289 2249 2236 2223 2219 2212 2240 2257 2231 2119 2035 1995 1921 1848 1792 1721 1632 1558 1567 1574 1613 1652 1660 1660 1660 1711 1822 1915 1915 1915 1915 1915 1915 1915 1915 1915 1915 1915 1821 1559 1258 902 405 26 0 
2940 4258 5574 6744 7541 8070 8703 9523 10133 10487 11004 11712 12278 12510 12679 12901 13124 13286 13585 13857 13705 13605 13868 13968 13523 12520 11679 10839 9781 8829 8290 7901 7483 6941 6487 6206 6043 5678 5160 4656 4227 3849 3630 3443 3074 2757 2680 2668 2604 2448 2234 2178 2179 2181 2122 2040 2003 2003 2003 2003 2003 2101 2145 1993 1719 1568 1513 1484 1456 1434 1359 1278 1238 1238 1238 1238 1238 1238 1238 1238 1264 1319 1366 1366 1391 1461 1493 1493 1493 1493 1493 1493 1493 1318 990 617 380 166 13 0 
3262 4459 5655 6805 7697 8268 8944 9721 10318 10599 11012 11693 12278 12512 12693 12931 13194 13405 13707 13948 13750 13634 13898 13987 13524 12421 11452 10547 9486 8585 8086 7701 7270 6697 6192 5832 5572 5138 4508 3941 3612 3291 3016 2790 2450 2219 2260 2353 2348 2235 2022 1915 1908 1909 1873 1798 1735 1710 1666 1623 1613 1650 1636 1420 1178 1077 1031 1031 1031 1031 950 865 827 827 827 827 827 827 827 827 827 827 827 792 797 916 980 979 976 972 970 970 970 797 538 231 52 0 0 0 
3697 4793 5889 6903 7771 8350 9029 9747 10312 10566 10989 11684 12278 12512 12693 12946 13342 13702 14013 14156 13836 13644 13811 13880 13505 12453 11326 10343 9326 8573 8124 7671 7114 6425 5845 5395 5008 4577 4008 3567 3290 3021 2756 2496 2055 1670 1607 1642 1620 1511 1374 1343 1341 1358 1365 1331 1276 1218 1120 1022 984 923 849 737 671 651 638 638 638 638 612 586 574 574 574 574 574 574 574 574 574 574 574 485 397 415 447 440 391 343 320 320 320 254 182 96 26 0 0 0 
4054 5171 6285 7136 7922 8499 9030 9700 10287 10566 10989 11725 12375 12659 12906 13246 13683 13992 14171 14306 14026 13715 13735 13701 13336 12319 11120 10145 9168 8427 7929 7427 6871 6202 5620 5134 4675 4224 3766 3363 3000 2640 2347 2112 1671 1171 974 934 896 789 682 681 681 714 786 799 748 682 614 547 501 444 387 358 358 358 358 358 358 358 358 358 358 358 358 358 358 358 358 358 358 358 358 322 276 255 255 241 148 55 11 11 11 7 3 0 0 0 0 0 
4195 5390 6584 7382 8101 8699 9141 9738 10285 10581 11016 11779 12461 12789 13142 13579 14003 14247 14296 14375 14189 13910 13891 13726 13183 12125 10827 9800 8888 8106 7527 6982 6510 5929 5370 4875 4369 3872 3548 3108 2550 2131 1860 1669 1310 934 780 750 728 654 580 579 579 599 643 611 538 450 382 312 258 205 154 148 148 148 148 148 148 148 148 148 148 148 148 148 148 148 148 148 148 148 148 148 148 148 148 140 83 27 0 0 0 0 0 0 0 0 0 0 
4162 5484 6802 7655 8289 8817 9220 9814 10353 10719 11222 11920 12511 12803 13178 13629 14044 14269 14305 14386 14335 14184 14122 13763 12972 11901 10614 9579 8727 8042 7557 7023 6484 5753 4964 4304 3810 3445 3203 2794 2244 1863 1541 1296 930 671 611 614 615 598 581 581 581 585 564 511 450 392 343 294 226 125 31 31 31 31 31 31 31 31 31 31 31 31 31 31 31 31 31 31 31 31 31 31 31 31 31 29 17 6 0 0 0 0 0 0 0 0 0 0 
4072 5515 6953 7831 8396 8924 9400 9966 10413 10809 11401 12035 12619 12977 13312 13673 14044 14269 14305 14389 14393 14286 14136 13604 12670 11649 10402 9343 8400 7655 7188 6827 6330 5516 4591 3862 3430 3144 2855 2526 2107 1860 1585 1326 941 696 602 545 510 515 612 708 714 714 647 570 492 469 465 461 435 385 338 338 338 338 338 338 338 338 338 338 306 250 204 204 175 122 92 46 0 0 0 0 0 0 0 0 0 0 0 0 0 0 0 0 0 0 0 0 
4130 5545 6956 7814 8395 8992 9531 10087 10501 10879 11529 12208 12888 13313 13510 13741 14056 14269 14305 14389 14433 14350 14074 13423 12500 11614 10370 9261 8249 7385 6776 6449 5928 5100 4297 3752 3427 3069 2678 2453 2168 1944 1699 1447 1062 817 684 577 510 522 764 966 939 898 857 817 776 765 765 765 765 765 765 765 765 765 765 765 765 765 765 765 710 614 535 535 464 329 255 136 11 0 0 0 0 0 0 0 0 0 0 0 0 0 0 0 0 0 0 0 
4311 5626 6954 7862 8452 9000 9570 10180 10627 10970 11689 12491 13162 13537 13709 13930 14169 14385 14503 14592 14621 14482 14044 13407 12547 11632 10293 9211 8313 7590 6976 6601 5975 5058 4315 3900 3614 3152 2687 2458 2180 1930 1735 1595 1328 1173 1086 1025 983 984 1079 1098 1027 948 938 938 938 938 938 938 938 938 938 938 916 839 765 765 765 765 765 765 745 710 680 680 651 597 567 491 374 304 234 154 152 115 46 0 0 0 0 0 0 0 0 0 0 0 0 0 
4335 5684 7059 8011 8556 9041 9664 10303 10753 11041 11765 12632 13241 13566 13795 14046 14249 14472 14671 14824 14860 14643 14052 13423 12554 11490 10082 9015 8223 7647 7065 6655 5960 5041 4465 4224 4036 3603 3129 2869 2612 2385 2226 2154 1921 1744 1664 1638 1586 1538 1489 1456 1423 1390 1386 1386 1386 1404 1428 1437 1437 1437 1437 1437 1382 1175 978 978 978 978 978 973 964 930 874 817 816 816 793 734 649 571 477 369 350 271 134 51 51 48 26 3 0 0 0 0 0 0 0 0 
4248 5588 6951 7917 8586 9229 9907 10449 10853 11147 11809 12648 13267 13637 13908 14200 14399 14586 14732 14788 14770 14616 14086 13406 12435 11294 9958 8929 8217 7720 7213 6855 6083 5170 4715 4632 4579 4393 4046 3769 3527 3270 2983 2787 2521 2247 2099 2027 1939 1837 1713 1671 1650 1650 1650 1650 1650 1723 1820 1853 1853 1853 1853 1853 1833 1744 1659 1659 1659 1659 1659 1612 1526 1382 1239 1124 1123 1123 1034 928 891 871 847 768 650 498 305 203 203 194 102 10 0 0 0 0 0 0 0 0 
4355 5638 6942 7893 8633 9344 10003 10454 10894 11224 11766 12572 13337 13803 14015 14279 14514 14700 14790 14730 14647 14576 14178 13541 12563 11404 10140 9166 8485 8000 7533 7214 6468 5689 5297 5033 4820 4758 4519 4201 3973 3839 3591 3392 3198 3021 2831 2663 2539 2403 2221 2139 2096 2096 2076 2036 2004 2055 2124 2147 2147 2146 2145 2143 2142 2142 2136 2099 2061 2050 2050 2017 1955 1819 1674 1591 1590 1587 1476 1345 1305 1305 1305 1181 970 765 607 482 404 318 161 21 2 0 0 0 0 0 0 0 
4705 5937 7191 8080 8669 9215 9825 10269 10844 11298 11803 12543 13357 13854 14039 14279 14514 14700 14790 14801 14789 14666 14269 13708 12777 11620 10389 9453 8773 8325 7948 7628 6918 6372 6118 5796 5524 5393 5146 4808 4597 4617 4439 4175 4005 3998 3853 3716 3665 3568 3407 3367 3327 3297 3225 3111 3005 2915 2793 2705 2674 2656 2610 2565 2535 2535 2524 2432 2343 2308 2266 2230 2218 2131 2030 1988 1988 1957 1811 1659 1606 1593 1576 1479 1353 1252 1177 1027 816 589 326 97 20 0 0 0 0 0 0 0 
4834 6145 7469 8291 8690 9168 9773 10211 10818 11352 11872 12574 13369 13863 14057 14293 14520 14700 14790 14852 14892 14737 14273 13628 12702 11730 10638 9654 8836 8404 8243 8069 7466 6888 6557 6358 6209 6120 5933 5653 5439 5391 5140 4789 4624 4690 4669 4743 4809 4735 4618 4611 4498 4356 4248 4127 4000 3780 3503 3343 3277 3239 3153 3076 3016 3000 2983 2925 2861 2806 2671 2569 2552 2468 2384 2354 2354 2317 2214 2077 1994 1890 1816 1652 1531 1499 1470 1410 1250 999 750 539 260 67 21 0 0 0 0 0 
5018 6242 7473 8324 8783 9345 9848 10175 10702 11317 11975 12716 13436 13925 14176 14388 14558 14700 14790 14852 14892 14808 14408 13674 12658 11747 10735 9751 8928 8498 8417 8415 7982 7397 7093 6957 6854 6806 6679 6453 6276 6236 6012 5787 5714 5729 5707 5719 5621 5454 5281 5213 5149 5045 4962 4885 4745 4502 4259 4177 4117 4014 3867 3779 3705 3584 3456 3414 3343 3196 3014 2948 2942 2914 2885 2874 2872 2863 2779 2571 2359 2145 2059 1872 1748 1644 1585 1563 1486 1328 1191 994 622 294 130 15 0 0 0 0 
5054 6217 7398 8414 9026 9557 10027 10393 10806 11322 12009 12761 13460 13971 14263 14458 14586 14700 14790 14852 14892 14844 14554 13890 12868 11938 11006 10224 9634 9192 8897 8767 8432 8012 7788 7598 7455 7414 7313 7110 6921 6863 6685 6612 6614 6610 6597 6559 6402 6242 6048 5873 5810 5749 5692 5664 5508 5305 5076 4963 4846 4675 4457 4331 4278 4110 3902 3798 3647 3484 3362 3331 3317 3309 3294 3213 3108 3060 2968 2801 2646 2498 2408 2261 2190 2054 1906 1776 1691 1627 1517 1236 965 736 430 171 60 18 0 0 
4899 6120 7371 8556 9277 9750 10177 10584 10924 11342 12003 12748 13445 13963 14262 14458 14586 14701 14792 14853 14892 14844 14597 14020 13182 12435 11748 11194 10718 10207 9756 9498 9062 8676 8552 8484 8417 8397 8304 8111 7878 7765 7599 7529 7487 7487 7487 7448 7345 7250 7172 6991 6775 6616 6543 6542 6444 6255 5988 5750 5510 5324 5137 5001 5044 5055 4972 4764 4494 4288 4161 3933 3781 3711 3677 3458 3192 3093 3069 3040 2939 2812 2669 2537 2520 2467 2312 2062 1864 1759 1643 1451 1311 1154 817 474 206 62 2 1 
5201 6320 7473 8582 9384 9985 10374 10619 10880 11266 11837 12501 13152 13716 14158 14435 14592 14773 14930 14949 14923 14824 14481 13897 13359 12855 12262 11667 11187 10862 10583 10385 9927 9520 9421 9434 9434 9434 9378 9229 9026 8899 8697 8615 8566 8566 8566 8524 8403 8296 8286 8252 8045 7878 7817 7757 7641 7471 7244 6936 6599 6293 6049 5853 5820 5824 5793 5628 5371 5085 4867 4520 4295 4155 4093 3889 3670 3599 3572 3460 3193 2979 2866 2803 2698 2556 2441 2310 2175 2006 1812 1698 1642 1476 1204 855 472 241 119 60 
5331 6357 7415 8452 9266 9856 10227 10462 10791 11214 11741 12364 12975 13531 14054 14379 14560 14804 15024 15015 14925 14770 14383 13793 13337 12870 12336 11829 11420 11299 11248 11159 10940 10731 10630 10576 10533 10533 10523 10477 10380 10253 10019 9938 9850 9794 9794 9793 9688 9575 9521 9544 9468 9409 9362 9267 9167 9126 9013 8762 8417 8039 7751 7500 7282 7067 6886 6754 6535 6238 6011 5785 5621 5407 5271 5034 4687 4441 4270 3927 3494 3256 3116 3058 2858 2615 2545 2540 2445 2230 1989 1880 1817 1715 1599 1359 938 519 209 100 
4969 6077 7220 8327 9207 9791 10123 10367 10738 11206 11730 12322 12939 13478 13956 14251 14445 14748 15024 15015 14865 14639 14323 13825 13388 12847 12426 12146 11876 11713 11642 11544 11460 11376 11348 11350 11326 11326 11326 11326 11275 11138 10903 10765 10604 10524 10567 10590 10538 10503 10487 10448 10432 10428 10386 10290 10149 10114 10061 9932 9682 9400 9127 8914 8676 8347 7939 7593 7307 7108 6972 6790 6554 6274 6082 5856 5424 5039 4837 4559 4127 3817 3593 3484 3280 3057 2927 2728 2541 2432 2337 2212 1980 1806 1761 1599 1201 684 261 123 
4825 6069 7328 8356 9116 9706 10059 10275 10651 11189 11654 12118 12730 13301 13788 14109 14336 14666 14930 14932 14806 14628 14477 14164 13818 13415 13127 12848 12569 12402 12345 12275 12237 12237 12309 12371 12387 12387 12387 12387 12347 12198 11955 11787 11687 11668 11735 11734 11689 11730 11817 11691 11603 11574 11578 11528 11407 11196 11029 10931 10784 10480 10124 9778 9462 9101 8639 8160 7818 7681 7606 7430 7079 6756 6496 6322 6128 5929 5758 5575 5212 4879 4477 4224 4005 3808 3537 3099 2761 2621 2547 2366 2059 1831 1786 1694 1382 865 410 198 
4581 5901 7238 8385 9141 9646 9984 10216 10572 11079 11514 11937 12572 13153 13558 13867 14189 14568 14780 14801 14709 14587 14595 14471 14216 13982 13759 13387 13105 13025 13005 12996 13011 13089 13174 13187 13187 13187 13187 13187 13175 13087 12919 12779 12753 12835 12915 12922 12906 12935 12992 12767 12611 12577 12636 12631 12579 12284 12002 11843 11786 11470 11077 10541 10134 9799 9481 9015 8582 8318 8146 7967 7615 7293 7019 6798 6678 6556 6301 6014 5731 5455 5025 4693 4506 4415 4115 3686 3276 3010 2907 2786 2520 2159 1904 1776 1515 1082 640 320 
4247 5526 6823 8089 8941 9509 9859 10131 10482 10988 11434 11810 12404 13000 13378 13714 14122 14554 14769 14790 14637 14411 14376 14255 14091 14042 13973 13832 13731 13670 13589 13588 13594 13615 13637 13640 13579 13523 13567 13614 13626 13652 13618 13576 13584 13752 13878 13927 13923 13923 13923 13678 13417 13295 13311 13293 13212 13023 12853 12608 12446 12268 12001 11602 11312 11059 10845 10462 9995 9498 9073 8714 8302 7971 7626 7275 7064 6887 6657 6409 6268 6081 5700 5278 5027 4934 4708 4324 3846 3483 3330 3263 3054 2618 2133 1867 1582 1252 863 441 
4003 5225 6460 7666 8404 9037 9520 9952 10345 10839 11329 11776 12280 12725 13033 13455 14024 14514 14752 14775 14622 14374 14257 14099 14005 14037 14078 14109 14170 14165 14126 14143 14146 14146 14146 14146 14049 13971 14064 14203 14335 14500 14555 14549 14472 14498 14529 14497 14437 14437 14437 14311 14049 13836 13705 13629 13554 13465 13330 13019 12754 12642 12510 12343 12234 12074 11842 11478 11011 10377 9850 9398 8930 8505 8053 7695 7551 7353 7043 6728 6588 6409 6053 5630 5343 5211 5027 4771 4392 3961 3607 3469 3296 2977 2478 1999 1582 1252 863 441 
3686 4997 6298 7334 7849 8444 9151 9752 10153 10544 11015 11484 11850 12173 12620 13132 13638 14026 14368 14550 14480 14262 14166 14101 14058 14074 14125 14193 14239 14283 14420 14546 14610 14641 14671 14695 14664 14642 14674 14755 14837 14926 14938 14856 14663 14484 14419 14350 14303 14303 14278 14229 14122 13994 13845 13755 13739 13723 13544 13203 12933 12722 12500 12302 12191 12133 12028 11763 11399 10898 10560 10257 9763 9089 8449 8019 7847 7577 7252 7005 6858 6687 6444 6106 5806 5628 5392 5135 4872 4576 4203 3826 3501 3203 2753 2264 1814 1378 912 466 
3296 4655 5994 6982 7496 8048 8747 9351 9823 10212 10597 10974 11232 11521 12111 12590 12903 13244 13752 14184 14301 14152 14092 13994 13903 13903 13941 14023 14077 14135 14273 14418 14564 14677 14795 14905 14933 14937 14964 14991 14939 14878 14785 14646 14496 14345 14240 14179 14179 14179 14078 13976 13955 13891 13783 13690 13689 13689 13606 13480 13371 13133 12886 12541 12169 11991 11974 11993 11956 11675 11406 11104 10566 9796 9021 8408 8095 7934 7757 7534 7234 6960 6748 6421 6157 6044 5813 5483 5206 4918 4522 4006 3636 3344 2998 2657 2298 1717 1135 578 
3063 4379 5677 6704 7349 7867 8322 8781 9332 9732 10061 10343 10634 10956 11426 11806 12194 12621 13078 13520 13783 13798 13815 13746 13684 13684 13689 13700 13708 13716 13737 13772 13858 13940 14068 14211 14293 14306 14382 14389 14261 14111 14061 13988 13917 13926 13886 13840 13840 13840 13764 13687 13687 13654 13590 13524 13524 13524 13519 13482 13382 13152 12965 12639 12214 11952 11904 11887 11860 11811 11744 11461 11018 10492 9849 9063 8567 8416 8386 8077 7617 7258 6994 6734 6515 6304 6004 5676 5508 5297 4908 4354 3931 3570 3251 2925 2569 1982 1404 712 
2934 4126 5308 6252 6993 7533 7926 8292 8812 9350 9841 10102 10414 10786 11198 11582 11979 12254 12479 12834 13284 13543 13643 13643 13643 13643 13643 13643 13643 13643 13643 13643 13643 13643 13676 13675 13664 13652 13675 13589 13391 13204 13134 13149 13169 13203 13203 13249 13261 13261 13261 13261 13261 13261 13260 13260 13301 13360 13387 13306 13133 12873 12658 12308 11946 11749 11680 11568 11461 11400 11424 11369 11269 11078 10517 9532 8884 8553 8541 8339 8034 7775 7383 7063 6952 6688 6201 5737 5605 5557 5392 5042 4573 4042 3653 3276 2802 2136 1563 793 
2533 3727 4911 5796 6453 6937 7327 7642 8098 8804 9460 9837 10210 10544 10870 11237 11607 11829 12006 12231 12564 12921 13075 13148 13204 13226 13226 13226 13226 13226 13226 13226 13222 13201 13180 13095 13004 12971 12940 12813 12695 12641 12621 12756 12880 12811 12703 12769 12778 12777 12801 12823 12819 12825 12825 12825 12906 13026 13080 13047 12949 12790 12624 12296 11961 11820 11671 11471 11408 11375 11347 11336 11313 11262 10819 10100 9460 8931 8697 8487 8356 8183 7746 7388 7330 7083 6543 6010 5776 5670 5588 5512 5226 4632 4026 3527 3026 2350 1715 870 
2326 3371 4414 5312 5972 6438 6756 7086 7484 8164 8845 9322 9732 9981 10187 10538 10974 11197 11359 11583 11908 12317 12491 12626 12763 12833 12833 12862 12904 12945 12945 12945 12927 12804 12680 12658 12644 12649 12631 12537 12463 12441 12438 12536 12593 12471 12370 12357 12314 12320 12420 12502 12480 12517 12517 12517 12598 12718 12772 12772 12751 12709 12628 12307 12024 11949 11749 11507 11502 11543 11521 11446 11334 11317 11036 10558 9956 9394 9003 8685 8524 8362 7998 7764 7634 7294 6806 6414 6144 5890 5718 5633 5489 5113 4638 4115 3498 2716 1986 1005 
1817 2826 3825 4604 5371 6058 6465 6801 7142 7568 7990 8450 8912 9184 9419 9707 10093 10427 10679 10913 11262 11550 11705 11880 12093 12255 12256 12316 12403 12487 12458 12395 12334 12185 12034 12029 12029 12084 12139 12221 12222 12154 12095 12093 12053 12014 12074 12123 12104 12035 11946 11920 12021 12186 12206 12210 12274 12364 12420 12420 12420 12420 12388 12104 11876 11864 11784 11600 11582 11619 11650 11555 11468 11550 11334 10845 10282 9813 9439 9117 8846 8539 8178 8018 7845 7472 7036 6715 6484 6173 5906 5691 5589 5387 5021 4468 3881 3233 2498 1264 
1190 2243 3278 3980 4828 5637 6127 6420 6759 7026 7280 7620 8009 8361 8739 9040 9276 9605 9939 10119 10341 10508 10756 10986 11131 11259 11242 11313 11452 11575 11537 11455 11384 11280 11174 11201 11208 11228 11249 11397 11473 11451 11409 11412 11400 11428 11548 11688 11801 11646 11364 11316 11549 11815 11886 11915 12011 12146 12235 12235 12235 12235 12215 12001 11807 11774 11738 11567 11466 11455 11568 11592 11589 11724 11537 11101 10675 10293 9876 9438 9107 8746 8431 8231 8046 7694 7299 6889 6569 6203 5921 5694 5610 5459 5153 4708 4322 3916 3105 1569 
970 1944 2892 3462 4081 4765 5285 5712 6222 6640 6903 7087 7303 7618 8027 8372 8558 8663 8862 9073 9361 9521 9751 9924 9991 10062 9979 10001 10180 10344 10341 10336 10323 10228 10133 10192 10195 10079 9958 10035 10115 10173 10215 10290 10346 10286 10274 10428 10766 10960 10943 10967 11133 11351 11434 11483 11610 11794 11860 11860 11860 11885 11917 11756 11538 11502 11601 11555 11409 11300 11341 11384 11550 11798 11548 11096 10862 10618 10215 9707 9354 8984 8698 8393 8129 7728 7345 6954 6727 6486 6174 5834 5655 5531 5327 5007 4583 4164 3315 1675 
960 1673 2367 2893 3437 3932 4440 4981 5529 6005 6368 6606 6746 6893 7135 7386 7622 7760 7828 7970 8142 8241 8402 8561 8685 8908 9002 9033 9095 9153 9152 9152 9152 9071 8993 9041 9072 9015 8917 8965 9045 9179 9293 9400 9454 9371 9338 9513 9789 10120 10361 10441 10586 10781 10896 10999 11162 11361 11415 11415 11415 11454 11525 11426 11222 11188 11359 11391 11250 11103 11098 11159 11409 11730 11580 11230 10972 10760 10494 10104 9647 9121 8826 8509 8237 7810 7397 7032 6914 6843 6566 6144 5800 5595 5384 5076 4680 4351 3554 1796 
580 1174 1770 2288 2822 3278 3704 4165 4654 5139 5499 5694 5762 5848 6001 6162 6376 6613 6719 6788 6804 6892 7002 7115 7187 7447 7743 7854 7902 7966 7999 7978 7957 7927 7915 7931 7906 7841 7748 7747 7834 8018 8175 8412 8580 8734 8913 9135 9196 9304 9537 9858 10085 10135 10233 10423 10627 10835 10904 10942 10973 11030 11094 11037 10887 10829 10882 10894 10908 10913 10980 11044 11188 11402 11386 11197 11032 10891 10652 10239 9778 9304 9089 8771 8464 7963 7514 7152 7066 6981 6740 6378 6042 5768 5457 5095 4726 4433 3641 1839 
307 791 1280 1768 2278 2733 3058 3454 3873 4358 4641 4736 4767 4875 4998 5079 5177 5371 5572 5687 5687 5739 5791 5835 5839 5928 6103 6220 6344 6514 6580 6503 6400 6352 6352 6352 6306 6261 6213 6244 6327 6473 6647 7104 7485 7705 7780 7830 7901 8041 8335 8727 9058 9162 9249 9394 9573 9794 9854 9931 9962 10061 10142 10057 9869 9870 10032 10136 10282 10405 10525 10605 10700 10956 11047 10947 10945 10892 10568 10121 9788 9421 9242 8953 8680 8198 7694 7271 7136 7062 6871 6552 6260 5993 5636 5259 4874 4494 3641 1839 
128 543 951 1391 1922 2420 2624 2917 3191 3453 3549 3567 3575 3633 3702 3808 3995 4253 4462 4559 4559 4567 4575 4582 4582 4582 4594 4648 4742 4872 4891 4806 4705 4660 4660 4660 4666 4719 4717 4848 5034 5199 5342 5681 6004 6257 6338 6318 6486 6775 7222 7560 7945 8276 8459 8477 8589 8837 8879 8982 9066 9162 9242 9201 9086 9145 9381 9486 9557 9688 9951 10167 10294 10631 10791 10688 10691 10693 10467 10157 9936 9519 9281 9029 8843 8441 7887 7384 7182 7153 7017 6661 6328 6084 5861 5577 5119 4581 3641 1839 
0 286 564 993 1549 2049 2238 2487 2693 2890 2959 2959 2959 2974 3004 3149 3353 3558 3648 3695 3733 3772 3774 3774 3774 3774 3797 3859 3897 3918 3797 3646 3584 3571 3571 3571 3575 3581 3500 3707 4018 4240 4338 4433 4565 4976 5397 5600 5723 5902 6224 6710 7251 7763 7965 7863 7829 8036 8083 8205 8374 8495 8684 8797 8815 8859 9079 9269 9406 9528 9727 9809 9935 10302 10467 10355 10416 10506 10417 10206 9998 9597 9378 9131 8922 8498 7970 7493 7307 7236 7059 6663 6335 6113 5953 5713 5214 4613 3641 1839 
0 142 287 642 1044 1381 1677 1961 2174 2371 2503 2548 2593 2668 2734 2848 2911 2953 2959 3014 3104 3193 3163 3085 3020 2995 3075 3244 3344 3344 3211 3051 2970 2964 2958 2957 2957 2943 2852 3067 3360 3517 3523 3534 3598 3932 4399 4743 4893 5047 5271 5892 6565 7202 7400 7307 7290 7510 7586 7739 7954 8083 8304 8382 8396 8524 8852 9079 9189 9333 9575 9683 9857 10098 10085 10023 10274 10451 10387 10202 9998 9658 9508 9305 9080 8631 8092 7604 7406 7301 7090 6679 6373 6159 5977 5716 5230 4672 3730 1884 
0 89 188 429 612 819 1256 1609 1839 1966 2072 2153 2235 2332 2396 2460 2470 2470 2470 2499 2550 2594 2546 2424 2335 2291 2321 2396 2445 2445 2449 2495 2489 2439 2388 2378 2378 2423 2442 2648 2785 2766 2653 2673 2753 3002 3349 3697 3884 4110 4407 4997 5627 6206 6410 6565 6808 7069 7141 7311 7496 7637 7950 8046 8041 8149 8459 8645 8734 9007 9452 9737 9992 10144 10059 9990 10188 10303 10300 10189 9998 9658 9512 9333 9131 8699 8136 7625 7406 7301 7090 6727 6484 6294 6049 5724 5253 4763 3866 1952 
0 45 99 277 437 576 899 1152 1338 1405 1476 1557 1639 1698 1718 1739 1742 1742 1742 1742 1742 1738 1761 1773 1803 1794 1794 1794 1794 1794 1836 1950 1978 1907 1820 1824 1848 1931 2023 2244 2347 2233 2004 1996 2032 2191 2450 2762 2923 3131 3438 4081 4782 5324 5590 5889 6243 6490 6588 6869 7168 7385 7766 7863 7830 7884 8128 8298 8474 8839 9378 9748 10053 10237 10189 10063 10178 10258 10274 10185 9998 9658 9512 9349 9179 8779 8184 7641 7406 7301 7090 6742 6518 6335 6071 5733 5260 4774 3874 1956 
0 0 6 97 255 411 630 792 892 947 1047 1147 1212 1245 1245 1245 1251 1268 1284 1296 1296 1295 1327 1360 1388 1388 1388 1388 1388 1386 1355 1347 1369 1418 1400 1466 1504 1492 1507 1705 1894 1908 1785 1757 1704 1741 1957 2254 2407 2572 2813 3451 4195 4780 5143 5477 5859 6131 6260 6595 7010 7311 7644 7641 7556 7675 7977 8151 8308 8580 9129 9610 10030 10252 10209 10059 10151 10241 10270 10203 10059 9758 9569 9396 9276 8942 8282 7675 7406 7301 7090 6742 6518 6335 6071 5756 5278 4787 3864 1951 
0 0 0 6 51 119 235 441 596 733 914 1053 1074 1084 1084 1084 1106 1168 1229 1275 1275 1275 1275 1275 1275 1275 1275 1275 1275 1271 1183 1097 1093 1239 1356 1390 1238 1097 1097 1291 1503 1607 1607 1601 1548 1590 1719 1978 2275 2534 2640 3067 3722 4377 4815 5226 5667 6079 6277 6696 7167 7426 7646 7599 7443 7417 7593 7832 8093 8469 9075 9552 9976 10230 10203 9985 10009 10155 10252 10231 10150 9908 9655 9420 9283 8953 8289 7677 7406 7301 7090 6742 6518 6335 6071 5765 5281 4784 3851 1945 
0 0 0 0 0 0 65 236 383 523 669 776 776 776 776 776 797 855 898 913 884 884 884 884 884 884 884 884 884 881 824 790 789 891 1073 1168 1055 944 944 1138 1350 1454 1454 1442 1389 1448 1509 1795 2288 2702 2707 3014 3570 4146 4530 4972 5470 6030 6421 6899 7335 7488 7604 7543 7356 7210 7275 7525 7907 8469 9143 9588 9967 10225 10200 9946 9936 10110 10295 10363 10241 9919 9655 9420 9283 8953 8289 7677 7406 7301 7090 6742 6518 6335 6071 5765 5235 4677 3728 1883 
0 0 0 0 0 0 101 232 323 371 404 429 429 429 429 429 434 446 414 338 250 249 249 249 249 249 249 249 249 248 252 341 430 444 500 562 618 674 677 871 1083 1187 1200 1264 1291 1437 1613 1918 2329 2684 2740 3098 3631 4113 4381 4714 5205 5823 6405 6950 7332 7376 7434 7373 7213 7231 7454 7663 7872 8347 9059 9605 10014 10252 10215 9984 10001 10177 10358 10456 10303 9926 9655 9420 9283 8953 8289 7677 7406 7301 7090 6742 6518 6335 6071 5765 5204 4605 3646 1842 
0 0 0 22 94 210 334 433 469 469 469 469 473 480 456 449 449 435 363 264 204 159 115 92 84 46 8 0 22 89 153 206 255 255 255 255 354 475 496 704 916 1020 1049 1198 1309 1588 1931 2194 2398 2593 2707 3115 3675 4176 4457 4806 5335 5870 6320 6800 7141 7281 7404 7369 7239 7341 7648 7874 8029 8523 9247 9776 10097 10265 10248 10092 10196 10376 10444 10469 10303 9926 9655 9420 9283 8953 8289 7677 7406 7301 7090 6742 6518 6327 6051 5737 5187 4600 3646 1842 
0 2 5 58 245 578 763 865 880 880 880 880 889 894 778 724 721 688 586 485 479 379 280 228 209 113 31 40 89 182 255 255 255 255 255 255 288 328 423 704 945 1163 1302 1438 1555 1811 2133 2386 2587 2812 2983 3335 3803 4284 4580 4918 5419 5907 6262 6709 7076 7362 7591 7639 7578 7630 7838 8064 8334 8911 9648 10059 10251 10386 10410 10264 10309 10454 10508 10489 10303 9926 9655 9420 9283 8953 8289 7677 7406 7301 7090 6742 6518 6286 5953 5593 5103 4533 3551 1788 
0 61 139 309 529 822 972 1035 1045 1045 1065 1108 1153 1150 1017 881 797 769 705 642 587 493 428 377 305 180 164 224 258 245 255 255 255 255 255 255 255 255 387 704 1068 1521 1845 1950 2040 2143 2309 2520 2770 3063 3288 3575 3959 4465 4927 5289 5619 5934 6251 6730 7167 7511 7774 7873 7868 7965 8169 8450 8736 9187 9785 10079 10308 10531 10643 10469 10440 10613 10679 10547 10303 9926 9655 9401 9245 8910 8265 7673 7406 7301 7090 6742 6518 6266 5904 5522 5061 4457 3407 1707 
0 133 296 601 840 1004 1103 1170 1180 1180 1227 1324 1415 1405 1343 1192 1006 925 836 769 668 567 519 463 396 354 405 374 312 255 255 255 268 314 360 371 408 445 585 960 1444 1889 2227 2359 2457 2517 2651 2833 3086 3336 3616 3992 4396 4779 5180 5567 5890 6131 6442 6937 7410 7696 7864 7875 7915 8227 8591 8823 9038 9461 10120 10491 10561 10588 10729 10694 10674 10816 10832 10527 10236 9918 9655 9349 9137 8789 8200 7663 7406 7301 7090 6742 6518 6259 5847 5415 4979 4426 3407 1707 
0 274 557 844 1014 1094 1206 1313 1366 1413 1466 1526 1581 1581 1581 1492 1309 1101 902 843 812 769 728 642 554 543 591 546 500 455 411 358 355 419 505 540 660 827 1060 1500 1954 2235 2432 2597 2763 2849 2963 3139 3416 3670 4037 4532 4996 5359 5611 5908 6122 6268 6617 7176 7777 8082 8198 8202 8347 8679 9036 9202 9360 9729 10363 10764 10762 10764 11019 11126 11051 10983 10849 10431 10150 9908 9655 9326 9090 8736 8171 7659 7406 7301 7078 6680 6391 6122 5686 5256 4864 4361 3358 1682 
87 473 830 1020 1139 1253 1379 1473 1566 1667 1724 1729 1733 1733 1733 1701 1592 1287 993 1033 1048 1021 1007 958 820 729 734 795 932 996 916 832 800 768 768 823 972 1267 1677 2061 2302 2537 2672 2748 2873 3022 3228 3495 3772 4112 4538 4917 5260 5641 5911 6171 6393 6591 7013 7586 8184 8576 8768 8844 8990 9132 9382 9651 9904 10232 10584 10770 10921 11128 11311 11362 11240 10971 10749 10410 10150 9908 9655 9326 9090 8736 8171 7659 7400 7283 7035 6550 6117 5768 5367 5035 4680 4139 3110 1557 
234 653 1022 1162 1292 1415 1494 1553 1657 1763 1820 1820 1820 1820 1820 1820 1816 1570 1287 1263 1180 1114 1088 1027 872 812 867 985 1139 1210 1127 1095 1159 1209 1236 1316 1444 1748 2194 2495 2608 2755 2876 2998 3156 3387 3653 3963 4227 4549 5057 5439 5620 5922 6250 6532 6844 7171 7690 8302 8816 9244 9523 9390 9302 9391 9670 10085 10542 10920 11025 11026 11345 11649 11592 11340 11102 10839 10664 10400 10128 9842 9546 9256 9063 8736 8171 7659 7320 7068 6777 6332 5944 5578 5176 4776 4332 3719 2747 1378 
447 817 1149 1316 1457 1536 1641 1765 1940 2046 2103 2103 2103 2103 2103 2103 2164 2041 1799 1566 1352 1281 1232 1086 883 925 1130 1309 1386 1359 1365 1416 1530 1663 1768 1822 1900 2092 2437 2791 3006 3059 3156 3397 3604 3895 4309 4765 5033 5251 5672 5934 6044 6292 6713 7169 7533 7870 8325 8920 9419 9751 10048 9910 9777 9934 10327 10859 11278 11517 11516 11408 11650 11940 11717 11096 10805 10693 10614 10400 10099 9759 9397 9100 8906 8660 8151 7659 7253 6850 6474 6096 5840 5555 5161 4641 3978 3220 2337 1176 
713 1050 1363 1478 1562 1707 1992 2227 2424 2538 2599 2599 2599 2608 2664 2690 2702 2520 2239 2039 1911 1821 1629 1429 1241 1262 1415 1566 1662 1621 1778 1935 2057 2114 2202 2266 2362 2469 2751 3140 3417 3542 3628 3857 4106 4473 4996 5478 5770 6010 6356 6493 6650 6933 7383 7923 8312 8630 9101 9690 10103 10184 10343 10357 10365 10630 11115 11521 11691 11835 11970 11847 11787 11805 11578 11060 10797 10688 10554 10285 9985 9699 9383 9033 8784 8583 8130 7659 7205 6720 6288 5961 5783 5455 4871 4178 3533 2846 2097 1055 
893 1184 1463 1620 1799 2066 2370 2597 2725 2810 2876 2899 2922 2945 3048 3109 3107 2871 2687 2682 2611 2430 2191 2115 2029 1997 2029 2051 2120 2125 2234 2317 2424 2430 2552 2788 3076 3227 3417 3698 3995 4239 4448 4719 4986 5281 5603 5923 6354 6694 6987 7149 7331 7661 8192 8707 9137 9529 10058 10477 10749 10978 11260 11340 11404 11607 11828 11809 11736 11838 12010 11959 11830 11623 11344 10967 10708 10516 10331 10057 9836 9633 9380 9019 8742 8479 7929 7354 6960 6577 6202 5833 5616 5196 4493 3750 3191 2572 1859 935 
1107 1360 1613 1862 2092 2300 2562 2878 3010 3031 3102 3167 3233 3299 3446 3585 3659 3445 3244 3207 3168 3030 2942 2942 2884 2763 2707 2673 2809 2914 2931 2931 2960 2975 3177 3618 4082 4255 4281 4365 4699 5151 5607 5951 6147 6254 6410 6654 7000 7330 7706 7981 8230 8638 9163 9499 10009 10506 10950 11120 11244 11654 12012 12107 12089 12130 12125 12067 12005 11847 11697 11632 11635 11442 11171 10864 10497 10109 9926 9777 9723 9602 9380 8984 8621 8224 7588 6888 6551 6327 6029 5569 5239 4810 4134 3509 2981 2300 1529 770 
1343 1640 1936 2167 2344 2644 3044 3408 3571 3595 3658 3742 3867 4038 4176 4265 4387 4410 4400 4275 4159 3956 3875 3756 3561 3328 3302 3379 3577 3673 3688 3821 4051 4321 4714 5140 5410 5544 5629 5740 6016 6363 6820 7177 7296 7429 7682 8073 8436 8814 9225 9405 9699 10095 10503 10759 11181 11438 11603 11718 11838 12143 12343 12299 12094 12105 12150 12154 12079 11852 11559 11364 11405 11340 11106 10772 10411 10005 9811 9690 9665 9458 9109 8636 8100 7613 7178 6666 6297 6104 5835 5294 4720 4188 3612 3175 2726 2069 1293 651 
1428 1808 2178 2419 2634 3088 3549 3853 4005 4073 4175 4414 4750 5031 5080 5093 5163 5293 5447 5344 5253 5054 4931 4716 4482 4334 4451 4653 4822 4868 4890 5093 5462 5908 6452 6921 7187 7388 7590 7765 7972 8096 8351 8646 8845 9073 9311 9706 10120 10528 10936 11049 11268 11534 11822 12078 12267 12186 12136 12290 12471 12581 12589 12409 12182 12209 12242 12164 12036 11898 11607 11331 11266 11116 10798 10459 10248 9995 9810 9660 9588 9302 8838 8306 7629 7075 6758 6450 6033 5674 5313 4754 4043 3461 3100 2732 2221 1553 903 455 
1385 1807 2219 2680 3146 3548 3958 4278 4376 4450 4710 5212 5687 5941 6014 6247 6528 6733 6643 6467 6422 6319 6309 6324 6388 6507 6884 7282 7490 7534 7583 7718 7948 8340 8666 8944 9183 9386 9599 9709 9909 9993 10025 10103 10320 10564 10739 10949 11193 11474 11882 12268 12482 12644 12829 13064 13174 13043 12947 13006 13105 13019 12863 12647 12483 12420 12345 12089 11796 11698 11556 11277 10992 10709 10400 10058 9884 9783 9649 9400 9150 8868 8558 8103 7430 6828 6481 6199 5715 5113 4525 4000 3519 3045 2636 2116 1546 945 486 245 
1652 2123 2579 3047 3575 3951 4403 4776 4961 5158 5539 6069 6530 6849 7214 7715 8226 8583 8526 8431 8418 8374 8554 8818 9057 9177 9536 9923 10089 10117 10167 10234 10346 10656 10829 10892 10977 11178 11384 11354 11347 11361 11379 11391 11510 11690 11944 12243 12499 12757 13058 13425 13622 13673 13675 13738 13870 13869 13768 13727 13693 13486 13179 12886 12741 12584 12373 12139 11789 11534 11390 11001 10576 10383 10223 9946 9695 9560 9399 9119 8827 8457 8002 7454 6972 6469 5962 5533 5045 4531 4038 3575 3096 2540 2081 1571 1072 698 424 214 
1941 2541 3110 3538 4003 4379 4849 5326 5747 6173 6635 7237 7943 8513 9159 9722 10199 10537 10703 10790 10952 11037 11245 11472 11670 11723 11811 12021 12186 12246 12243 12320 12433 12658 12799 12806 12817 12907 12991 12907 12828 12870 12934 12937 12960 13012 13202 13460 13632 13762 13933 14214 14366 14371 14293 14111 14016 13990 13826 13610 13445 13326 13155 12877 12656 12427 12095 11895 11682 11478 11320 10845 10359 10200 10124 9915 9579 9307 9042 8828 8616 8198 7522 6857 6435 5992 5276 4659 4121 3763 3406 3017 2649 2185 1735 1284 896 627 424 214 
2040 2802 3520 3938 4385 4848 5428 6064 6678 7338 7872 8637 9537 10189 10658 11015 11247 11376 11618 11875 12136 12243 12409 12623 12878 12982 12982 13096 13252 13343 13371 13542 13757 13950 14073 14074 14074 14047 14013 13943 13885 13916 13962 13964 13978 14011 14108 14239 14319 14396 14499 14770 14914 14873 14750 14482 14202 14046 13817 13491 13253 13198 13126 12742 12256 12008 11782 11600 11468 11205 10951 10625 10236 10016 9831 9566 9304 9109 8830 8565 8179 7652 7023 6295 5745 5272 4678 4141 3706 3383 2941 2447 2101 1693 1275 977 784 592 424 214 
2168 3103 4006 4509 4983 5573 6391 7228 7907 8498 9044 9828 10652 11216 11443 11594 11735 11850 12004 12173 12372 12553 12830 13129 13382 13438 13519 13674 13877 13985 14021 14171 14335 14406 14447 14445 14445 14351 14237 14199 14193 14190 14190 14198 14256 14352 14521 14624 14621 14710 14813 14867 14803 14682 14520 14206 13864 13647 13393 13167 12994 12834 12651 12375 11988 11668 11463 11278 11061 10715 10429 10269 9980 9680 9414 9148 8905 8693 8390 8105 7651 7034 6389 5615 5028 4568 4113 3655 3245 2871 2378 1907 1486 1154 938 833 720 582 424 214 
2438 3319 4217 5073 5877 6548 7323 8127 8825 9454 9905 10441 11009 11487 11671 11780 11911 12047 12128 12236 12504 12861 13201 13425 13557 13624 13804 14026 14208 14284 14320 14428 14535 14535 14535 14464 14391 14340 14294 14280 14276 14272 14270 14314 14475 14629 14750 14779 14736 14723 14789 14778 14570 14302 14086 13811 13496 13291 13124 12922 12680 12451 12222 11968 11722 11444 11139 10764 10390 10144 9988 9836 9612 9367 9168 8900 8463 7929 7370 7007 6678 6151 5517 4899 4384 3970 3671 3274 2736 2171 1655 1318 1035 867 748 684 585 424 248 125 
2338 3483 4650 5767 6733 7386 7923 8538 9194 9899 10261 10675 11099 11489 11731 11962 12089 12176 12235 12370 12734 13160 13421 13574 13717 13952 14129 14251 14280 14372 14463 14499 14532 14498 14463 14380 14295 14280 14280 14280 14211 14154 14144 14212 14400 14563 14653 14745 14816 14790 14727 14612 14326 13967 13681 13415 13080 12892 12843 12714 12474 12251 12057 11747 11399 11054 10656 10239 9874 9627 9460 9341 9232 8966 8566 8079 7604 7142 6630 6240 5802 5268 4677 4225 3781 3404 3124 2602 1916 1385 1049 930 852 794 661 509 376 175 35 18 
2255 3870 5485 6552 7231 7782 8272 8725 9175 9785 10255 10791 11206 11500 11749 12048 12178 12260 12390 12623 12958 13309 13576 13832 14015 14183 14252 14280 14280 14408 14535 14535 14525 14412 14297 14286 14281 14266 14233 14200 14130 14123 14196 14279 14403 14582 14715 14727 14706 14645 14462 14149 13793 13472 13250 13039 12742 12571 12471 12342 12169 11889 11634 11373 10914 10459 10081 9846 9626 9410 9247 9143 8865 8278 7486 6821 6531 6346 6081 5738 5159 4518 3922 3481 3121 2627 2229 1819 1396 1117 891 768 675 616 569 470 338 126 0 0 
1934 3939 5919 6901 7421 7904 8423 8829 9229 9867 10424 10919 11245 11458 11736 12048 12178 12275 12453 12779 13157 13507 13800 14086 14239 14280 14280 14280 14280 14408 14519 14444 14371 14327 14282 14280 14280 14239 14139 14039 14029 14141 14306 14425 14490 14647 14775 14705 14494 14182 13872 13559 13211 12917 12777 12651 12520 12390 12177 11920 11582 11298 11065 10786 10307 9944 9700 9558 9343 9109 8784 8397 7846 7279 6702 6234 5927 5636 5210 4666 4155 3703 3235 2814 2511 2015 1581 1306 1070 908 779 689 585 501 477 379 240 83 0 0 
1606 3544 5462 6621 7514 8231 8708 9032 9364 9885 10428 10884 11239 11482 11715 11921 12042 12188 12437 12800 13167 13443 13718 14033 14239 14280 14280 14331 14370 14412 14442 14358 14280 14280 14280 14227 14165 14110 14068 14026 13995 14078 14222 14359 14394 14470 14516 14400 14055 13540 13251 13105 12897 12684 12577 12478 12373 12134 11809 11374 10821 10485 10291 10057 9740 9529 9405 9210 8909 8547 7947 7246 6632 6238 6001 5771 5342 4827 4195 3544 3055 2713 2341 2013 1768 1543 1337 1180 986 763 603 550 508 425 314 151 34 6 0 0 
1980 3531 5068 6369 7592 8494 8809 8952 9202 9665 10208 10706 11128 11469 11640 11771 11955 12233 12556 12817 13064 13302 13681 14042 14260 14280 14280 14403 14485 14375 14287 14283 14280 14280 14280 14189 14070 13993 13990 14040 14067 14069 14075 14171 14238 14125 13981 13794 13549 13176 12918 12770 12705 12608 12497 12319 12119 11811 11336 10748 10258 9800 9519 9264 9018 8797 8684 8489 8024 7375 6860 6444 6013 5620 5272 4873 4228 3682 3162 2710 2327 1950 1576 1397 1261 1165 1101 1020 858 674 462 330 254 192 112 36 0 0 0 0 
1595 3101 4582 5885 6998 7859 8350 8751 9034 9449 9849 10230 10585 11025 11377 11742 12026 12328 12664 12890 13139 13410 13804 14106 14230 14158 14118 14180 14226 14249 14280 14280 14280 14280 14280 14183 14005 13869 13853 13920 13999 13955 13782 13676 13631 13430 13284 13180 13099 12934 12736 12552 12435 12268 12009 11655 11322 10959 10475 9988 9691 9283 8928 8554 8254 7926 7682 7502 7012 6273 5815 5614 5315 4889 4408 3862 3200 2671 2189 1794 1536 1347 1174 1100 1063 1006 910 755 587 494 300 117 10 6 2 0 0 0 0 0 
649 2038 3427 4762 5863 6799 7709 8497 8869 9238 9494 9829 10184 10619 11003 11431 11697 11978 12381 12701 12921 13123 13519 13926 14120 14068 14025 14025 14025 14153 14280 14262 14222 14154 14100 14040 13901 13763 13703 13619 13555 13449 13233 13059 12936 12864 12791 12716 12645 12549 12423 12201 11996 11620 11064 10509 10078 9719 9385 9085 8890 8556 8116 7559 7141 6743 6393 6145 5831 5248 4710 4485 4285 3893 3441 3011 2473 1947 1616 1336 1130 1091 1053 1013 958 848 696 520 339 187 99 37 0 0 0 0 0 0 0 0 
42 1241 2457 3749 4871 5903 6987 7870 8420 8928 9239 9619 10060 10468 10748 11064 11276 11619 12051 12404 12638 12881 13247 13588 13798 13923 14006 14025 14025 14153 14268 14188 14069 13914 13806 13789 13745 13603 13459 13201 12854 12603 12478 12434 12396 12488 12470 12325 12190 11985 11653 11210 10888 10484 9967 9502 9123 8771 8407 8118 7810 7428 6977 6353 5850 5550 5279 4978 4670 4179 3583 3231 3057 2753 2391 2080 1810 1482 1237 1081 949 933 865 738 617 487 395 296 162 26 0 0 0 0 0 0 0 0 0 0 
0 849 1715 2936 4143 5090 6105 6974 7746 8394 8777 9178 9681 10147 10479 10776 11003 11247 11591 12024 12350 12600 12923 13232 13504 13795 13982 14025 14022 14092 14100 13909 13645 13419 13234 13124 13038 12964 12902 12776 12457 12178 12096 12015 11870 11854 11791 11624 11436 11023 10383 9779 9360 9063 8819 8590 8299 7866 7368 7050 6643 6261 5892 5264 4567 4174 3865 3599 3299 2967 2524 2162 1984 1839 1682 1516 1413 1170 928 832 781 710 492 220 108 47 39 27 12 0 0 0 0 0 0 0 0 0 0 0 
0 402 827 1702 2851 3893 4876 5725 6667 7425 7913 8443 8975 9523 10019 10363 10710 10929 11078 11353 11742 12078 12369 12594 12968 13502 13827 13892 13794 13681 13534 13383 13114 12864 12667 12443 12249 12194 12139 12020 11765 11527 11417 11205 10845 10444 10203 10015 9725 9305 8803 8312 7838 7529 7327 7148 6833 6390 6010 5796 5556 5216 4828 4292 3689 3190 2783 2554 2329 2138 1911 1563 1305 1184 1097 987 897 737 633 559 476 349 177 55 15 0 0 0 0 0 0 0 0 0 0 0 0 0 0 0 
0 10 48 667 1617 2485 3298 4254 5392 6306 6914 7583 8168 8695 9170 9595 10052 10421 10478 10500 10813 11159 11457 11656 11971 12432 12793 12866 12781 12672 12472 12313 12118 11912 11783 11599 11425 11299 11145 10973 10707 10377 10129 9841 9405 8870 8581 8331 7977 7698 7506 7201 6778 6356 5979 5697 5313 4876 4541 4348 4196 3848 3418 2901 2406 2073 1765 1593 1478 1491 1473 1230 940 772 677 580 498 415 383 301 185 72 4 0 0 0 0 0 0 0 0 0 0 0 0 0 0 0 0 0 
0 0 6 167 424 821 1569 2724 3825 4640 5357 6213 6943 7422 7760 8191 8736 9306 9792 10081 10282 10364 10516 10668 10742 10650 10858 11048 11393 11579 11533 11275 10880 10584 10353 10134 9926 9613 9308 9169 9022 8649 8219 7830 7498 7245 7052 6731 6348 6229 6225 6082 5764 5367 4969 4552 4024 3584 3184 2958 2765 2440 2075 1637 1210 1045 847 801 816 862 876 790 646 546 522 455 300 151 93 68 39 13 1 0 0 0 0 0 0 0 0 0 0 0 0 0 0 0 0 0 
0 0 0 0 21 210 665 1359 1977 2428 2875 3428 3912 4214 4382 4591 4895 5224 5587 5805 5897 5897 5952 6021 6009 5837 5925 6071 6365 6517 6524 6376 6105 5907 5745 5597 5450 5221 5008 4935 4884 4684 4422 4172 3995 3910 3822 3637 3410 3360 3356 3278 3102 2898 2708 2465 2132 1870 1642 1522 1382 1172 968 743 531 469 391 415 466 480 480 438 361 304 304 269 155 46 0 0 0 0 0 0 0 0 0 0 0 0 0 0 0 0 0 0 0 0 0 0 
