60
0
100
100
0 0 0 0 0 0 0 0 0 0 0 0 0 0 0 25 61 97 132 167 203 239 255 255 255 255 255 255 255 255 255 331 407 484 510 510 510 510 510 510 510 510 510 510 510 586 672 734 663 731 893 1164 1346 1382 1358 1275 1366 1509 1803 2156 2345 2338 2279 2276 2284 2473 2748 3000 2998 2890 2932 3142 3363 3720 4214 4718 5150 5560 6045 6599 7085 7463 7937 8170 8203 8160 7853 7161 6563 5924 4673 3396 2586 1834 1140 486 32 0 0 0 
0 23 46 69 92 115 139 161 165 165 165 165 165 165 165 174 187 199 212 224 237 249 255 255 255 255 255 272 326 379 433 456 479 502 510 510 510 510 541 616 704 794 846 893 998 1142 1273 1323 1302 1398 1549 1748 1975 2116 2246 2308 2380 2478 2645 2868 3081 3204 3303 3484 3712 3996 4244 4467 4584 4631 4824 5195 5648 6118 6608 7093 7586 7949 8334 8815 9360 9687 9942 10138 10206 10067 9810 9446 9037 8526 7671 6672 5643 4493 3392 2457 1589 617 11 0 
0 35 71 107 142 178 214 249 255 255 255 255 255 255 255 255 255 255 255 255 255 255 255 255 275 306 336 372 418 464 510 510 510 510 510 510 513 523 595 736 891 1045 1131 1207 1378 1569 1731 1774 1783 1937 2146 2362 2647 2844 3029 3170 3254 3363 3463 3568 3758 3958 4217 4600 5065 5518 5759 5945 6115 6327 6718 7243 7841 8335 8775 9195 9659 10027 10368 10767 11204 11415 11475 11555 11606 11514 11364 11226 10936 10563 10016 9256 8259 6918 5511 4248 3034 1573 613 299 
0 35 71 107 142 178 214 249 255 255 255 255 255 255 255 255 255 255 255 255 255 255 255 255 306 383 458 510 510 510 510 510 510 510 530 560 604 685 774 928 1068 1208 1325 1426 1586 1756 1907 1971 2045 2316 2696 2993 3218 3300 3335 3427 3581 3874 4209 4532 4798 5001 5302 5689 6084 6486 6692 6900 7164 7645 8216 8821 9311 9822 10263 10698 10995 11301 11491 11681 11922 12129 12119 11961 11796 11745 11615 11434 11153 10958 10664 10270 9726 8844 7755 6415 4908 3196 1982 990 
0 35 71 107 142 178 214 249 255 255 255 255 255 255 255 255 255 255 255 255 255 255 255 255 306 383 458 510 510 518 538 558 578 581 623 687 797 960 1094 1220 1307 1396 1544 1682 1834 1956 2171 2413 2676 2946 3247 3461 3624 3737 3816 3909 4053 4367 4790 5253 5640 5980 6332 6632 6856 7076 7389 7878 8458 9043 9590 10170 10554 10983 11408 11936 12268 12454 12479 12487 12526 12526 12344 12094 11873 11797 11647 11456 11218 11122 11023 10876 10561 9903 9098 7948 6397 4705 3388 1720 
63 89 116 143 170 197 224 250 255 255 255 255 255 255 255 255 255 255 255 255 255 293 330 369 407 446 484 510 510 535 606 694 782 818 855 897 1002 1140 1332 1459 1559 1642 1793 1974 2117 2190 2418 2829 3299 3642 3916 4143 4335 4495 4658 4797 5016 5278 5603 5888 6198 6606 6972 7299 7640 7891 8247 8826 9572 10175 10696 11217 11729 12136 12496 12796 13030 13228 13304 13271 13183 12908 12578 12229 11986 11854 11671 11458 11241 11189 11169 11113 10944 10463 9801 8848 7602 6312 4842 2458 
229 233 236 240 244 247 251 254 255 255 255 255 255 255 255 255 255 255 255 255 255 331 407 484 510 510 510 510 510 540 634 766 896 968 1022 1072 1181 1318 1491 1640 1804 1949 2095 2325 2589 2784 2997 3331 3732 4069 4345 4609 4860 5110 5332 5538 5750 5948 6318 6696 6985 7276 7555 7909 8400 8908 9412 9951 10624 11266 11839 12316 12740 13070 13426 13557 13583 13718 13769 13660 13500 13150 12790 12421 12185 11968 11728 11463 11251 11220 11220 11190 11068 10701 10160 9385 8368 7263 5609 2846 
255 255 255 255 255 255 255 255 255 255 255 255 255 255 255 255 255 255 255 255 255 331 407 484 510 510 512 537 561 616 729 869 1007 1115 1226 1336 1448 1562 1654 1808 2022 2274 2488 2766 3171 3511 3793 4069 4329 4524 4677 4940 5258 5636 5974 6224 6389 6555 6996 7661 8200 8432 8607 8863 9306 9904 10541 11136 11631 12150 12764 13224 13476 13621 13774 13771 13750 13883 13959 13841 13647 13275 12878 12493 12263 12038 11806 11521 11287 11234 11220 11190 11068 10725 10282 9718 8901 7869 6023 3055 
204 211 218 226 232 240 247 254 255 255 255 255 255 255 255 255 255 270 316 361 407 438 469 500 510 510 554 651 749 843 936 1037 1136 1266 1422 1581 1712 1829 1897 2067 2306 2645 2907 3170 3599 4024 4343 4563 4757 4940 5113 5370 5728 6105 6535 6957 7340 7728 8066 8450 8855 9049 9387 9896 10518 11130 11710 12289 12750 13076 13347 13569 13795 13916 13902 13819 13871 13996 14005 13911 13797 13505 13145 12699 12424 12151 11918 11613 11345 11257 11220 11190 11068 10737 10359 9878 9147 8118 6193 3141 
39 69 99 130 159 190 220 250 255 255 255 255 255 255 255 255 255 280 357 433 510 510 510 510 510 510 588 749 911 1043 1130 1207 1285 1417 1556 1707 1934 2158 2324 2508 2784 3146 3434 3688 4073 4492 4817 5006 5206 5456 5767 6028 6412 6749 7099 7538 8073 8635 8962 9146 9444 9853 10379 10892 11475 12112 12684 13082 13414 13643 13743 13848 13992 14047 14077 14061 14051 14078 14031 13941 13873 13626 13298 12827 12534 12243 12006 11682 11387 11272 11220 11190 11070 10759 10408 9940 9232 8221 6285 3188 
0 35 71 107 142 178 214 249 255 255 255 255 255 255 255 255 255 314 430 545 611 573 533 526 566 604 717 912 1106 1271 1410 1545 1679 1836 1951 2087 2352 2597 2795 2945 3194 3594 3960 4324 4617 4985 5316 5596 5808 6047 6322 6683 7273 7869 8290 8529 8799 9099 9411 9851 10363 11000 11498 11805 12371 13034 13561 13862 13984 13980 14035 14155 14292 14353 14382 14342 14219 14180 14147 14060 13974 13709 13364 12911 12640 12372 12140 11775 11440 11284 11220 11190 11077 10830 10545 10090 9395 8432 6511 3301 
0 35 71 107 142 178 214 249 255 255 259 270 282 293 329 383 435 538 627 717 722 655 599 636 766 904 1070 1270 1482 1672 1836 1954 2072 2218 2373 2562 2754 2974 3202 3454 3746 4161 4481 4770 4948 5230 5578 6007 6346 6712 7167 7690 8173 8609 9084 9536 9936 10201 10447 10894 11363 11765 12267 12776 13313 13791 14067 14193 14319 14402 14430 14454 14523 14565 14506 14408 14301 14280 14269 14204 14119 13855 13502 13049 12782 12517 12266 11870 11507 11325 11259 11216 11092 10842 10565 10112 9449 8542 6645 3369 
0 35 71 107 142 178 214 249 255 255 275 338 401 458 509 586 661 727 743 759 755 739 757 905 1127 1384 1588 1720 1865 2004 2156 2273 2401 2547 2728 2923 3020 3236 3588 4017 4416 4839 5237 5515 5683 5853 6101 6446 6919 7499 8272 8812 9090 9299 9701 10243 10714 11079 11387 11758 12159 12509 12933 13448 13918 14341 14484 14486 14516 14559 14620 14651 14618 14582 14515 14408 14301 14280 14276 14245 14192 13961 13625 13172 12904 12639 12362 11960 11598 11421 11366 11289 11131 10846 10565 10112 9449 8542 6645 3369 
0 19 39 59 78 98 118 156 209 260 314 381 448 511 576 650 718 765 777 838 907 968 1020 1202 1454 1739 1972 2025 2100 2176 2297 2487 2706 2872 3045 3233 3380 3611 4049 4564 4999 5322 5649 5992 6353 6712 7078 7466 8024 8590 9189 9665 9967 10247 10524 10809 11147 11542 11915 12343 12873 13312 13562 13820 14186 14641 14816 14805 14706 14631 14706 14755 14668 14582 14515 14408 14301 14280 14280 14265 14229 14015 13686 13233 12966 12701 12410 12012 11661 11496 11450 11346 11161 10849 10565 10112 9449 8542 6645 3369 
0 0 0 0 6 14 21 64 165 272 357 453 549 645 713 739 754 765 800 966 1156 1320 1401 1535 1729 1932 2121 2159 2195 2231 2318 2563 2938 3214 3416 3580 3759 4030 4534 5133 5661 5936 6111 6496 7018 7609 8060 8489 9019 9495 9791 10196 10635 11009 11263 11485 11727 12028 12494 12987 13528 13963 14197 14427 14628 14823 14963 14965 14866 14773 14771 14755 14668 14582 14515 14408 14301 14280 14280 14265 14229 14015 13700 13275 13035 12797 12489 12064 11686 11496 11450 11346 11161 10849 10565 10112 9465 8605 6739 3416 
0 0 0 0 46 104 163 201 251 307 357 468 588 735 831 867 867 867 895 1058 1263 1448 1562 1676 1852 2033 2208 2266 2310 2385 2511 2729 3223 3698 4097 4431 4692 4995 5346 5676 6031 6340 6634 7146 7795 8552 9073 9529 9971 10332 10454 10756 11168 11528 11704 11875 12285 12852 13337 13702 14051 14344 14541 14773 14944 15009 15052 15012 14913 14814 14790 14755 14668 14582 14515 14408 14301 14280 14280 14265 14229 14015 13721 13338 13139 12943 12609 12142 11723 11496 11450 11346 11161 10849 10565 10112 9490 8699 6880 3487 
0 31 63 94 138 185 233 255 285 321 357 468 599 794 939 1015 1033 1057 1090 1247 1475 1697 1880 1955 2050 2152 2296 2390 2517 2747 3044 3359 3830 4347 4776 5198 5504 5883 6177 6421 6878 7399 7891 8280 8797 9363 9757 10092 10399 10693 10978 11387 11718 11967 12153 12328 12839 13588 14044 14250 14472 14703 14772 14896 15051 15121 15097 15012 14913 14814 14790 14755 14668 14582 14515 14408 14301 14280 14280 14265 14229 14015 13721 13338 13139 12943 12609 12142 11723 11496 11450 11346 11161 10849 10565 10112 9490 8699 6880 3487 
0 79 157 237 255 255 260 305 380 453 489 600 722 876 979 1059 1158 1273 1385 1549 1763 1965 2158 2200 2223 2271 2465 2679 2953 3313 3759 4297 4773 5176 5497 5780 6048 6344 6673 7067 7785 8584 9237 9526 9734 9991 10272 10513 10859 11244 11650 11977 12265 12575 12910 13213 13524 13968 14330 14446 14590 14806 14926 15029 15096 15121 15097 15012 14913 14814 14790 14755 14668 14582 14515 14408 14301 14280 14280 14265 14229 14015 13721 13338 13139 12943 12609 12142 11723 11496 11450 11346 11161 10849 10565 10112 9490 8699 6880 3487 
0 79 157 237 262 270 287 383 540 687 769 840 926 1010 1074 1147 1337 1555 1764 1931 2078 2227 2377 2419 2428 2532 2827 3196 3680 4087 4505 4918 5295 5616 6043 6504 7094 7594 8033 8447 8876 9331 9738 10014 10300 10563 10868 11235 11698 12075 12357 12533 12772 13155 13628 13991 14196 14346 14516 14618 14742 14902 15004 15086 15117 15121 15097 15012 14913 14814 14790 14755 14668 14582 14515 14408 14301 14280 14280 14265 14229 14029 13749 13376 13163 12953 12609 12142 11723 11496 11450 11346 11161 10849 10578 10153 9559 8785 6937 3516 
89 140 191 246 318 399 479 563 720 858 971 1023 1125 1226 1330 1397 1570 1761 1949 2090 2207 2366 2560 2756 2959 3237 3555 3949 4437 4834 5174 5440 5809 6228 6717 7198 7928 8586 9134 9509 9741 9961 10332 10699 11035 11284 11610 12030 12379 12689 12925 13154 13485 13832 14123 14357 14487 14508 14626 14826 14980 15052 15068 15111 15132 15127 15097 15012 14913 14814 14790 14760 14687 14615 14542 14407 14280 14252 14258 14244 14201 14116 13947 13648 13333 13025 12616 12157 11746 11525 11471 11359 11166 10849 10596 10213 9609 8807 6917 3506 
254 271 289 310 387 509 623 701 869 1010 1151 1219 1334 1452 1576 1695 1887 2088 2268 2382 2456 2570 2773 3118 3512 3911 4179 4519 4906 5318 5716 6070 6602 7213 7780 8194 8631 9041 9452 9754 10044 10432 11035 11645 12041 12303 12474 12671 12881 13148 13386 13696 13946 14159 14306 14452 14602 14732 14857 14966 15054 15124 15173 15214 15196 15152 15097 15012 14913 14814 14790 14783 14765 14732 14549 14193 13958 13982 14103 14113 14026 14101 14077 13824 13445 13071 12642 12217 11838 11644 11557 11412 11186 10849 10600 10212 9549 8684 6799 3446 
90 207 322 437 481 567 652 743 956 1209 1501 1697 1844 1990 2147 2346 2561 2798 3008 3128 3240 3351 3548 3846 4236 4644 4884 5208 5574 5942 6431 6937 7530 8025 8405 8790 9165 9528 9899 10335 10836 11318 11736 12236 12604 12849 12985 13084 13264 13468 13667 13952 14135 14325 14483 14620 14763 14926 15033 15065 15112 15187 15262 15300 15285 15262 15239 15173 14995 14792 14626 14616 14627 14564 14228 13697 13386 13544 13872 14017 14007 14133 14156 13926 13576 13277 12932 12563 12148 11902 11713 11499 11222 10849 10600 10169 9458 8545 6702 3397 
0 166 330 492 536 641 761 927 1152 1409 1704 1912 2128 2345 2556 2786 2996 3225 3406 3519 3659 3802 4064 4396 4920 5421 5710 6082 6494 6925 7400 7850 8284 8655 8948 9326 9714 10214 10762 11259 11652 12045 12392 12752 13132 13350 13464 13543 13672 13806 13939 14074 14189 14394 14716 14963 15053 15082 15100 15106 15129 15165 15201 15213 15205 15206 15218 15137 14849 14523 14266 14201 14114 14041 13845 13472 13213 13383 13738 13950 14025 14164 14199 13981 13648 13389 13077 12723 12274 11988 11758 11523 11233 10849 10600 10151 9419 8485 6660 3376 
0 166 330 492 550 688 889 1197 1516 1725 1897 1995 2234 2515 2766 3015 3247 3451 3582 3717 3915 4251 4659 5105 5624 6084 6395 6871 7345 7885 8293 8555 8781 9211 9722 10208 10498 10961 11670 12200 12479 12784 13048 13229 13432 13549 13671 13784 13934 14061 14190 14338 14562 14778 14919 15017 15056 15076 15076 15075 15073 15071 15069 15014 14949 14912 14905 14736 14329 13896 13661 13634 13693 13724 13578 13294 13177 13376 13719 13932 14020 14164 14199 13981 13648 13389 13077 12723 12274 11988 11758 11523 11233 10849 10600 10151 9419 8485 6660 3376 
112 217 319 437 620 880 1170 1510 1870 2116 2279 2372 2543 2746 2941 3144 3401 3663 3909 4117 4382 4926 5517 5978 6356 6777 7222 7710 8079 8439 8796 9155 9526 9977 10593 11195 11569 11881 12238 12585 12957 13306 13475 13542 13618 13743 13874 14006 14112 14211 14351 14595 14862 14987 14937 14894 14938 14986 14999 14951 14888 14792 14694 14629 14454 14254 14174 14036 13775 13498 13351 13319 13489 13565 13499 13256 13131 13285 13549 13795 13984 14164 14199 13981 13648 13389 13077 12723 12274 11988 11758 11523 11233 10849 10600 10151 9419 8485 6660 3376 
254 303 353 443 768 1167 1516 1843 2213 2505 2700 2842 2952 3035 3102 3215 3458 3857 4364 4755 5106 5641 6235 6663 7065 7454 7954 8299 8534 8686 9134 9886 10575 10913 11299 11724 12288 12679 12828 13050 13311 13448 13518 13615 13736 13896 14012 14117 14151 14249 14473 14732 14835 14822 14714 14622 14707 14766 14743 14623 14486 14251 14027 13975 13793 13467 13331 13275 13095 12951 13050 13162 13387 13445 13392 13134 12885 12971 13279 13613 13922 14164 14199 13981 13648 13389 13077 12723 12274 11988 11758 11523 11233 10849 10600 10151 9419 8485 6660 3376 
113 398 681 952 1166 1415 1692 2041 2393 2670 2877 3011 3165 3306 3488 3709 4012 4439 4965 5405 5731 6314 6966 7507 7824 7994 8210 8471 8801 9141 9856 10594 11107 11361 11634 11996 12508 12924 13121 13251 13298 13392 13517 13678 13805 13866 13890 13928 14079 14250 14379 14541 14621 14593 14442 14279 14300 14280 14258 14173 13983 13625 13299 13116 12989 12834 12748 12701 12468 12188 12288 12628 12985 13099 13059 12900 12670 12749 13121 13495 13870 14164 14199 13981 13648 13389 13077 12723 12274 11988 11758 11523 11233 10849 10600 10151 9411 8431 6567 3329 
0 509 1016 1457 1616 1782 2005 2307 2553 2776 2948 3047 3206 3506 3976 4467 4863 5113 5366 5806 6247 6918 7476 7960 8176 8340 8588 9067 9677 10257 10783 11234 11622 11889 12189 12601 12914 13119 13216 13295 13403 13533 13674 13804 13879 13835 13798 13863 14114 14241 14265 14300 14273 14170 14012 13893 13834 13723 13710 13588 13364 12955 12642 12405 12277 12145 12110 12076 11920 11737 11811 12164 12494 12604 12680 12620 12519 12724 13121 13495 13870 14164 14199 13983 13672 13433 13131 12755 12325 12069 11883 11633 11300 10873 10600 10151 9399 8343 6415 3253 
0 674 1343 1892 2129 2272 2425 2580 2681 2927 3209 3493 3758 4151 4606 5041 5392 5599 5938 6445 7026 7496 7793 8040 8353 8859 9459 10006 10594 11099 11420 11817 12166 12438 12709 13021 13153 13189 13212 13334 13528 13627 13715 13763 13783 13841 13947 14039 14022 13963 13891 13902 13736 13498 13308 13288 13312 13250 13205 12961 12592 12094 11752 11451 11180 11120 11193 11205 11105 11056 11350 11818 12278 12539 12656 12506 12394 12679 13121 13495 13870 14164 14199 13997 13786 13649 13389 12913 12415 12137 11987 11725 11356 10893 10600 10151 9399 8343 6415 3253 
283 935 1584 2100 2394 2553 2750 2955 3154 3544 4000 4327 4587 4806 5020 5350 5785 6165 6616 7079 7644 8001 8232 8478 9073 9821 10396 10716 11089 11553 11934 12292 12560 12853 13065 13161 13196 13273 13349 13469 13581 13626 13633 13618 13717 13937 14012 13995 13843 13668 13433 13312 13075 12921 12841 12802 12748 12563 12402 12096 11767 11264 10964 10702 10430 10427 10584 10589 10460 10382 10740 11273 11864 12292 12491 12437 12382 12705 13195 13617 13984 14230 14216 14005 13852 13771 13537 13003 12449 12137 11987 11725 11356 10868 10524 10024 9323 8317 6415 3253 
713 1270 1821 2291 2607 2800 3054 3533 4080 4569 4933 5131 5308 5447 5550 5831 6321 6890 7369 7742 8175 8584 8973 9520 10122 10530 10936 11256 11592 12099 12403 12531 12712 12950 13098 13173 13305 13411 13470 13513 13607 13670 13667 13695 13824 13905 13761 13513 13170 12917 12781 12680 12610 12607 12435 12132 11905 11602 11323 10969 10690 10278 10039 9890 9713 9708 9828 9852 9977 10128 10518 11000 11591 12054 12320 12417 12454 12779 13253 13714 14074 14282 14244 14047 13921 13867 13618 13064 12490 12160 12007 11738 11362 10842 10448 9897 9246 8291 6415 3253 
760 1341 1915 2474 2991 3437 3888 4361 4870 5256 5601 5846 6035 6190 6340 6558 6920 7385 7923 8428 8897 9407 9862 10262 10690 11057 11571 12022 12313 12560 12745 12823 12911 13058 13210 13350 13442 13427 13356 13302 13446 13689 13810 13884 13833 13641 13329 12955 12501 12277 12261 12270 12186 11992 11615 11113 10749 10402 10082 9830 9802 9649 9436 9247 9028 9049 9292 9503 9720 9826 10142 10650 11297 11793 12227 12491 12536 12863 13391 13841 14110 14282 14261 14097 14004 13984 13725 13178 12611 12293 12123 11814 11397 10842 10448 9897 9230 8239 6342 3216 
653 1338 2018 2737 3393 3948 4485 4960 5391 5753 6075 6308 6466 6655 7010 7291 7568 7832 8330 8921 9545 10138 10672 10953 11311 11698 12083 12435 12612 12650 12837 13061 13167 13293 13406 13516 13540 13548 13562 13551 13534 13616 13615 13613 13370 13016 12682 12452 12068 11807 11566 11570 11391 10996 10419 9896 9494 9226 9068 8947 9017 9036 8869 8664 8507 8547 8904 9273 9455 9473 9772 10343 11026 11569 12135 12491 12536 12884 13451 13895 14126 14282 14265 14110 14025 14013 13756 13225 12673 12374 12218 11910 11495 10924 10500 9905 9114 7951 5969 3026 
669 1484 2293 3189 3920 4437 4875 5305 5631 5946 6229 6503 6707 6949 7315 7681 7936 8211 8634 9241 10041 10561 11061 11470 11859 12206 12442 12635 12829 12975 13051 13222 13357 13478 13578 13693 13730 13736 13723 13725 13537 13363 13140 12912 12609 12322 12142 12050 11633 11152 10516 10342 10093 9682 9114 8813 8562 8280 8133 8172 8320 8333 8147 8043 8091 8205 8486 8799 9053 9213 9554 10141 10928 11555 12135 12491 12536 12884 13451 13895 14126 14282 14265 14110 14025 14013 13756 13225 12673 12377 12255 11980 11564 10958 10441 9768 8892 7718 5727 2902 
1038 1878 2710 3617 4389 4917 5258 5540 5761 6013 6328 6728 7096 7405 7627 8040 8404 8779 9255 9885 10640 11249 11621 11953 12203 12411 12601 12785 13014 13231 13330 13450 13528 13620 13779 13936 13990 13885 13668 13486 13314 13188 12889 12394 11884 11519 11345 11160 10659 10105 9461 9151 8943 8609 8170 7903 7774 7568 7389 7373 7564 7640 7575 7607 7718 7910 8214 8468 8736 8999 9453 10085 10908 11555 12135 12491 12536 12884 13451 13895 14126 14282 14265 14110 14025 14013 13756 13225 12673 12378 12267 12003 11561 10912 10332 9643 8752 7615 5664 2870 
1159 2016 2866 3637 4438 5133 5592 5909 6157 6434 6766 7151 7536 7887 8221 8662 9073 9564 10181 10809 11410 12012 12245 12399 12500 12596 12849 13129 13359 13501 13628 13720 13736 13761 13797 13804 13800 13698 13481 13131 12856 12633 12275 11749 11194 10808 10468 10058 9546 9117 8684 8397 8223 7888 7389 6919 6805 6707 6604 6697 6991 7154 7251 7373 7376 7512 7915 8234 8416 8645 9267 10055 10934 11571 12141 12491 12536 12884 13451 13895 14126 14282 14265 14110 14025 14013 13756 13225 12673 12378 12267 11952 11460 10810 10281 9624 8684 7499 5567 2821 
1204 2103 2997 3691 4295 4960 5545 6112 6501 6870 7243 7646 8165 8703 9120 9536 9959 10424 10968 11547 11968 12300 12452 12607 12806 13016 13293 13523 13652 13695 13746 13777 13767 13694 13586 13494 13359 13115 12829 12389 11971 11530 11202 10910 10616 10292 9865 9340 8768 8259 7685 7447 7042 6640 6384 6103 6036 6033 6129 6399 6751 6883 6976 7101 7187 7351 7726 8051 8278 8531 9206 10105 11077 11738 12219 12492 12536 12884 13451 13895 14126 14282 14265 14110 14025 14013 13789 13300 12788 12526 12374 11967 11383 10708 10229 9617 8664 7465 5538 2807 
1008 2080 3142 3973 4386 4852 5491 6237 6813 7262 7706 8229 8768 9258 9746 10217 10611 11030 11488 11931 12200 12358 12447 12672 12987 13337 13608 13760 13744 13647 13550 13459 13455 13391 13283 13167 12907 12511 12086 11623 11132 10544 10135 9903 9752 9425 9061 8540 7838 7169 6463 6260 5972 5739 5651 5563 5578 5700 5935 6281 6632 6729 6823 6925 7099 7286 7591 7886 8203 8520 9201 10115 11133 11818 12258 12492 12536 12884 13451 13895 14126 14282 14265 14110 14025 14013 13812 13350 12866 12626 12446 12011 11387 10643 10097 9474 8590 7438 5538 2807 
1040 2152 3252 4314 4848 5177 5551 6064 6615 7217 7859 8572 9114 9642 10137 10546 10891 11201 11560 11904 12205 12467 12697 12902 13117 13270 13349 13394 13374 13247 13077 12924 12946 12987 12843 12573 12197 11757 11326 10822 10291 9738 9420 9325 9079 8589 8072 7451 6653 6047 5410 5226 5252 5297 5314 5345 5400 5563 5790 6117 6388 6505 6685 6823 6932 7139 7476 7788 8100 8421 9119 10068 11124 11818 12258 12492 12549 12924 13495 13936 14182 14307 14265 14110 14025 14013 13825 13380 12912 12667 12447 11971 11321 10496 9878 9278 8501 7406 5538 2807 
1419 2430 3435 4425 4995 5346 5637 6117 6710 7383 8093 8840 9468 10009 10354 10667 11040 11293 11518 11847 12261 12681 13039 13096 13076 13011 12922 12878 12884 12855 12842 12783 12715 12578 12226 11789 11443 10972 10515 9934 9426 9125 8934 8790 8323 7684 6984 6374 5659 5234 4820 4830 4963 5023 5043 5166 5295 5426 5555 5812 6168 6401 6492 6548 6661 6979 7396 7748 8015 8292 9000 10002 11120 11835 12287 12535 12651 13120 13676 14090 14357 14387 14265 14110 14025 14013 13852 13440 13005 12749 12447 11889 11233 10431 9858 9272 8501 7406 5538 2807 
1428 2354 3273 4081 4858 5490 5984 6571 7300 8032 8711 9254 9671 10061 10344 10592 10942 11213 11480 11882 12338 12649 12889 12861 12718 12624 12598 12596 12602 12653 12739 12511 12080 11590 11244 11034 10782 10281 9689 9152 8603 8281 8032 7773 7362 6841 6287 5779 5013 4445 4237 4500 4702 4794 4792 4891 5007 5114 5271 5527 5987 6297 6338 6339 6495 6895 7362 7748 8015 8298 9030 10049 11216 11990 12452 12697 12872 13380 13837 14162 14381 14398 14265 14110 14025 14013 13868 13475 13059 12808 12473 11882 11212 10374 9777 9186 8446 7314 5389 2732 
1042 2014 2978 3714 4630 5685 6718 7430 8097 8645 9221 9681 9969 10366 10706 11024 11372 11647 11876 12032 12169 12383 12582 12616 12527 12459 12588 12704 12641 12500 12302 11887 11448 11022 10724 10443 10061 9590 8896 8326 7807 7411 6969 6585 6360 5916 5392 4976 4550 4201 3983 4152 4370 4555 4564 4583 4613 4638 4882 5250 5726 6106 6264 6322 6493 6876 7326 7706 7990 8309 9126 10197 11308 12034 12488 12792 13118 13653 14002 14286 14541 14451 14265 14124 14052 14019 13868 13475 13034 12732 12353 11833 11227 10388 9689 9007 8280 7176 5251 2662 
1305 2249 3189 3935 4740 5732 6947 8025 8789 9100 9466 9858 10081 10430 10831 11210 11490 11725 11871 11877 11846 12019 12155 12218 12240 12232 12299 12343 12270 12035 11714 11246 10831 10515 10251 9791 9201 8762 8288 7784 7278 6697 6140 5762 5564 5193 4731 4394 4179 3954 3694 3790 3913 4068 4101 4154 4313 4420 4697 5167 5678 6077 6236 6347 6559 6918 7279 7639 7993 8355 9180 10237 11327 12034 12488 12811 13176 13717 14056 14349 14634 14522 14356 14226 14124 14036 13868 13475 13008 12656 12237 11802 11281 10493 9722 8905 8070 6961 5066 2570 
1224 2215 3207 4289 5297 6114 7071 8030 8789 9215 9474 9788 10083 10377 10669 10849 11032 11192 11278 11363 11509 11633 11642 11607 11664 11723 11674 11574 11456 11338 11183 10914 10518 9964 9444 8937 8340 7773 7288 6816 6289 5799 5511 5156 4757 4454 4355 4231 3946 3655 3394 3400 3391 3450 3546 3720 4014 4260 4667 5246 5700 5975 6109 6278 6556 6963 7298 7690 8107 8471 9233 10237 11327 12034 12488 12811 13176 13724 14143 14494 14704 14539 14383 14250 14138 14039 13863 13464 12990 12641 12231 11812 11307 10550 9771 8866 7932 6809 4889 2466 
908 2207 3507 4763 5745 6592 7423 8062 8646 9199 9530 9804 10113 10344 10545 10643 10776 10883 10958 11038 11236 11377 11385 11374 11378 11361 11302 11235 11058 10921 10659 10301 9754 9113 8510 8071 7578 6944 6345 5830 5415 5044 4843 4604 4273 4056 4008 3872 3596 3354 3063 2954 2973 3094 3313 3520 3756 4024 4509 5126 5585 5856 5997 6153 6424 6890 7273 7726 8222 8624 9303 10237 11327 12069 12575 12895 13208 13759 14274 14625 14739 14539 14383 14250 14138 14039 13829 13381 12859 12539 12171 11711 11161 10466 9773 8895 7940 6779 4813 2420 
626 2272 3921 5414 6336 7143 7918 8532 9037 9433 9743 9975 10191 10340 10440 10490 10553 10687 10842 10897 11013 11116 11112 11139 11143 11116 11061 11040 10806 10494 10102 9705 9092 8415 7660 6969 6453 6006 5661 5352 5030 4563 4268 4168 4008 3820 3592 3289 3070 2891 2693 2630 2639 2777 3064 3344 3598 3838 4301 4914 5397 5691 5897 6101 6413 6883 7270 7737 8268 8687 9332 10237 11327 12113 12686 13002 13248 13816 14421 14715 14739 14539 14383 14250 14138 14039 13817 13374 12854 12560 12218 11722 11142 10470 9811 8940 7943 6771 4812 2420 
688 2381 4069 5716 6743 7451 8073 8705 9206 9470 9643 9876 10178 10323 10301 10421 10647 10801 10861 10872 10926 10991 10935 10835 10782 10728 10583 10396 10159 9812 9486 9081 8518 7814 6942 6147 5622 5311 5053 4847 4556 4169 3874 3723 3633 3452 3174 2895 2716 2552 2419 2371 2340 2441 2636 2944 3293 3630 4172 4826 5321 5633 5910 6127 6440 6879 7270 7737 8268 8688 9347 10265 11345 12118 12686 13002 13317 13943 14447 14607 14617 14491 14383 14250 14138 14039 13845 13502 13082 12802 12325 11688 11018 10376 9764 8888 7803 6656 4794 2420 
1215 2778 4338 5595 6419 7250 8073 8824 9348 9570 9724 9929 10103 10219 10265 10429 10608 10697 10635 10575 10641 10757 10797 10681 10519 10352 10051 9715 9485 9229 8961 8387 7525 6611 5962 5543 5235 4987 4654 4317 3979 3765 3527 3227 3039 2757 2563 2407 2321 2175 2043 2125 2218 2337 2494 2764 3160 3584 4121 4720 5161 5588 5984 6217 6470 6855 7270 7737 8268 8697 9439 10440 11455 12146 12686 13002 13380 14061 14478 14535 14535 14459 14383 14250 14138 14039 13857 13558 13180 12908 12348 11619 10819 10143 9573 8705 7588 6523 4754 2402 
1418 2836 4252 5476 6505 7457 8122 8698 9085 9222 9372 9505 9545 9711 9897 10030 10092 10148 10159 10166 10229 10314 10378 10311 10157 9975 9604 9208 8844 8526 8169 7547 6701 5808 5288 5059 4794 4400 3997 3624 3359 3155 3061 2900 2760 2471 2276 2055 1999 1903 1807 1969 2142 2297 2520 2827 3309 3744 4078 4476 4813 5391 5908 6230 6466 6844 7314 7801 8314 8724 9474 10484 11480 12187 12806 13139 13440 14069 14478 14535 14535 14459 14383 14250 14138 14039 13857 13558 13165 12864 12297 11594 10795 10103 9529 8649 7525 6423 4602 2319 
1510 3101 4662 5839 6720 7499 7927 8266 8557 8717 8905 9048 9081 9262 9473 9596 9632 9696 9819 9935 9937 9854 9785 9717 9598 9356 8906 8407 8070 7768 7238 6473 5849 5306 4931 4629 4301 3844 3473 3158 2974 2715 2576 2495 2437 2289 2143 1888 1788 1786 1785 1953 2131 2292 2496 2776 3226 3611 3845 4204 4593 5285 5871 6230 6491 6945 7540 8072 8526 8874 9562 10533 11531 12252 12987 13445 13646 14118 14478 14535 14535 14482 14428 14294 14137 13977 13736 13410 13016 12698 12169 11542 10795 10071 9458 8607 7522 6396 4543 2287 
2165 3737 5282 6374 6904 7237 7515 7803 8174 8427 8568 8663 8691 8872 9088 9257 9339 9421 9502 9551 9513 9351 9178 8948 8682 8296 7861 7432 7123 6683 6178 5543 5137 4828 4484 4034 3646 3371 3174 2926 2729 2535 2338 2213 2079 1966 1893 1796 1755 1770 1785 1861 1949 2048 2264 2551 3004 3416 3687 4064 4486 5225 5851 6230 6527 7048 7708 8202 8595 8916 9586 10612 11693 12385 13119 13671 13861 14214 14491 14535 14535 14535 14534 14422 14200 13939 13614 13223 12824 12505 12052 11489 10795 9994 9284 8409 7316 6215 4454 2242 
2036 3692 5320 6379 6706 6928 7121 7287 7587 7809 7971 8146 8275 8362 8466 8635 8770 8854 8874 8855 8774 8580 8437 8246 7883 7484 7211 6945 6589 6055 5601 5094 4678 4308 3946 3622 3354 3206 2990 2716 2453 2278 2129 2053 1931 1766 1640 1616 1597 1574 1551 1566 1595 1660 1973 2347 2885 3353 3671 4065 4487 5226 5851 6230 6527 7048 7708 8202 8595 8916 9586 10612 11694 12386 13119 13704 13926 14186 14385 14490 14535 14535 14535 14459 14290 14084 13728 13243 12728 12305 11830 11344 10707 9851 9084 8139 6963 5945 4357 2197 
1745 3421 5073 5992 6322 6661 6895 7050 7244 7398 7530 7694 7842 7867 7941 8136 8308 8329 8268 8207 8128 7974 7803 7505 7113 6809 6525 6231 5866 5407 4980 4542 4130 3772 3526 3381 3161 2940 2679 2443 2235 2013 1853 1791 1699 1603 1510 1471 1343 1188 1032 1169 1318 1481 1841 2248 2807 3320 3711 4173 4591 5283 5859 6230 6527 7048 7708 8219 8662 9022 9642 10618 11721 12444 13151 13704 13901 14112 14305 14460 14535 14535 14535 14479 14342 14167 13753 13161 12606 12206 11733 11270 10662 9787 8929 7979 6884 5931 4380 2211 
1560 3221 4852 5702 6060 6371 6650 7004 7263 7463 7585 7637 7668 7674 7729 7899 8053 8085 8017 7885 7693 7346 7069 6843 6647 6392 6017 5556 5061 4582 4218 3871 3577 3321 3189 3093 2824 2510 2238 2004 1878 1735 1651 1636 1575 1483 1361 1233 1057 857 653 907 1172 1434 1765 2130 2649 3230 3721 4274 4689 5336 5867 6230 6527 7048 7708 8240 8747 9159 9714 10625 11830 12707 13340 13740 13901 14112 14305 14460 14535 14535 14535 14479 14347 14179 13756 13136 12574 12195 11724 11257 10678 9843 9001 8075 7023 6055 4463 2253 
1514 2961 4378 5193 5643 6000 6434 6847 7148 7409 7568 7584 7584 7584 7594 7728 7808 7781 7654 7462 7240 6916 6701 6560 6337 5866 5287 4812 4424 4144 3869 3477 3198 2951 2782 2627 2425 2237 2019 1727 1548 1437 1453 1514 1517 1356 1111 844 725 629 531 824 1128 1429 1757 2115 2617 3178 3648 4180 4608 5282 5840 6230 6527 7048 7708 8240 8747 9163 9723 10631 11879 12826 13441 13768 13901 14112 14305 14460 14535 14535 14535 14479 14383 14268 13898 13297 12681 12239 11661 11152 10673 9879 8951 8065 7079 6097 4491 2267 
1199 2243 3269 4187 5029 5649 6224 6664 6969 7102 7167 7231 7301 7324 7328 7405 7431 7418 7218 6885 6598 6523 6346 6084 5728 5331 4764 4330 3921 3713 3436 3117 2862 2627 2429 2286 2157 2013 1854 1648 1435 1233 1212 1279 1301 1173 953 711 623 567 510 810 1120 1428 1757 2119 2608 3129 3553 4039 4485 5201 5800 6230 6527 7048 7708 8240 8747 9247 9906 10802 12015 12925 13474 13768 13901 14112 14305 14460 14535 14535 14535 14479 14392 14289 13929 13334 12707 12253 11657 11150 10683 9783 8735 7981 7153 6172 4541 2292 
593 1517 2451 3345 4184 4994 5703 6157 6445 6560 6601 6705 6850 6923 6911 6779 6719 6697 6562 6428 6290 6099 5608 5120 4770 4582 4245 3961 3624 3308 2927 2684 2440 2260 2157 2089 2003 1878 1764 1607 1373 1111 1017 1041 1041 979 848 692 619 565 510 795 1090 1382 1716 2140 2691 3248 3624 4062 4485 5202 5851 6348 6670 7148 7731 8240 8747 9269 10016 11007 12204 13055 13621 13890 13934 14112 14305 14460 14535 14535 14535 14479 14382 14230 13823 13228 12649 12243 11615 11020 10527 9711 8787 8106 7348 6364 4669 2357 
278 1082 1902 2656 3308 4133 4872 5342 5734 5965 6075 6092 6185 6277 6308 6212 6158 6118 6016 5857 5707 5483 5027 4507 4155 3908 3560 3259 3018 2780 2604 2468 2194 1947 1848 1790 1726 1593 1442 1281 1142 978 906 885 837 754 667 586 552 531 510 742 983 1222 1559 2040 2651 3232 3611 4078 4553 5230 5882 6461 6867 7320 7790 8248 8751 9269 10070 11139 12304 13091 13686 13959 13953 14112 14305 14460 14535 14535 14535 14479 14373 14179 13756 13197 12697 12317 11628 10837 10156 9451 8779 8184 7467 6487 4751 2398 
255 980 1704 2204 2682 3404 4021 4366 4695 4910 5028 5071 5175 5267 5346 5302 5200 5148 5107 5018 4908 4781 4530 4118 3730 3477 3169 2893 2618 2427 2226 2039 1911 1794 1744 1686 1558 1332 1097 938 866 783 755 714 637 551 521 512 510 510 510 775 1050 1318 1601 2012 2556 3096 3509 4022 4549 5168 5756 6356 6818 7364 7925 8404 8825 9269 10121 11274 12428 13131 13686 13959 13953 14112 14305 14460 14535 14535 14535 14479 14329 14070 13651 13158 12744 12447 11819 10880 9954 9203 8719 8213 7512 6534 4782 2414 
255 741 1224 1648 2091 2666 3096 3395 3681 3899 4024 4118 4195 4246 4291 4297 4292 4239 4164 4158 4064 3891 3702 3436 3155 2944 2744 2561 2373 2210 1949 1698 1597 1523 1498 1463 1347 1161 953 805 658 512 513 550 549 515 510 510 510 510 510 820 1146 1462 1707 2066 2555 3033 3383 3823 4346 4961 5555 6210 6730 7357 7996 8493 8864 9269 10121 11274 12428 13131 13686 13959 13953 14112 14305 14460 14533 14530 14519 14456 14268 13963 13538 13059 12628 12356 11834 10839 9825 9130 8718 8213 7512 6534 4782 2414 
408 598 787 1243 1786 2174 2393 2694 2946 3163 3316 3443 3484 3507 3521 3546 3582 3601 3601 3606 3478 3233 3023 2808 2623 2438 2160 1921 1833 1758 1599 1462 1401 1324 1270 1225 1162 1058 911 771 563 358 352 451 510 510 510 510 510 510 510 820 1177 1542 1835 2151 2590 3010 3347 3790 4341 4982 5575 6221 6735 7380 8104 8701 9080 9401 10167 11283 12489 13217 13717 13959 13953 14112 14305 14460 14505 14453 14350 14252 14084 13876 13514 13039 12548 12215 11720 10754 9748 9098 8718 8213 7512 6534 4782 2414 
734 747 760 1048 1430 1705 1970 2249 2391 2518 2681 2829 2894 2950 2986 3011 3047 3083 3054 2947 2692 2491 2361 2254 2166 2054 1812 1571 1432 1359 1309 1278 1276 1219 1133 1046 1020 985 898 771 563 358 352 451 510 510 510 510 510 510 510 820 1202 1604 1899 2129 2528 2951 3350 3840 4459 5164 5719 6300 6771 7399 8140 8794 9259 9616 10288 11308 12580 13348 13763 13959 13953 14112 14305 14460 14484 14398 14225 14075 13868 13645 13325 12944 12502 12097 11551 10666 9782 9161 8762 8238 7518 6534 4782 2414 
592 676 759 965 1170 1397 1700 1930 2019 2100 2221 2336 2370 2394 2410 2435 2471 2507 2458 2297 1981 1800 1711 1649 1573 1502 1416 1309 1189 1128 1128 1128 1128 1072 986 899 873 850 787 685 518 352 352 451 510 510 510 510 510 510 510 820 1202 1604 1884 2090 2518 2983 3389 3869 4509 5276 5797 6328 6793 7417 8145 8807 9386 9892 10528 11398 12589 13368 13804 13997 13970 14112 14305 14460 14484 14398 14225 14049 13792 13467 13123 12826 12425 11952 11436 10666 9877 9270 8838 8281 7528 6534 4782 2414 
418 647 872 1019 1094 1185 1281 1348 1369 1430 1521 1613 1624 1624 1624 1649 1685 1721 1725 1691 1605 1560 1530 1441 1327 1224 1125 1060 1035 1020 1004 977 949 901 842 783 765 712 623 504 412 318 352 451 510 510 510 510 510 510 510 820 1200 1585 1849 2039 2464 2946 3333 3804 4444 5228 5817 6378 6932 7570 8201 8824 9473 10058 10683 11474 12601 13427 13929 14112 14019 14112 14305 14453 14464 14366 14203 14035 13732 13351 13021 12776 12400 11870 11283 10538 9881 9325 8876 8300 7525 6520 4771 2409 
255 582 906 1020 1020 1020 1028 1046 1065 1120 1193 1266 1275 1275 1275 1300 1336 1372 1407 1442 1478 1505 1512 1401 1246 1135 1060 1020 1020 1020 971 889 806 774 770 766 765 684 562 418 358 296 352 451 510 510 510 510 510 510 510 820 1195 1547 1825 2031 2413 2878 3286 3799 4484 5307 5944 6486 7045 7660 8228 8824 9473 10058 10704 11513 12617 13447 13971 14151 14036 14112 14305 14423 14387 14241 14117 13994 13680 13251 12934 12700 12264 11674 11062 10353 9826 9325 8873 8263 7400 6294 4563 2304 
255 530 803 871 923 974 1050 1119 1188 1227 1249 1272 1275 1275 1275 1300 1336 1372 1407 1442 1478 1422 1348 1240 1093 1020 1020 993 941 889 847 812 777 765 765 765 765 684 562 418 358 296 352 451 510 510 510 510 510 515 529 853 1221 1540 1855 2116 2436 2845 3262 3794 4484 5307 5944 6486 7045 7660 8228 8824 9473 10058 10792 11680 12688 13447 13971 14151 14036 14112 14305 14402 14332 14151 14056 13967 13680 13251 12934 12680 12202 11615 11045 10353 9826 9325 8833 8162 7182 5976 4282 2161 
407 513 618 689 841 961 1066 1151 1236 1275 1275 1275 1275 1275 1275 1300 1336 1372 1407 1442 1478 1391 1272 1156 1021 959 959 924 859 792 765 765 765 765 765 765 765 684 562 418 358 296 352 451 510 510 510 510 510 532 593 965 1319 1591 1858 2116 2436 2871 3317 3851 4513 5323 6035 6614 7099 7660 8275 8938 9566 10084 10811 11717 12704 13447 13932 14037 13920 14070 14305 14402 14332 14151 14056 13918 13557 13155 12913 12680 12202 11615 11045 10368 9856 9371 8851 8139 7117 5898 4230 2135 
459 484 509 596 771 913 1009 1117 1207 1275 1275 1275 1275 1275 1275 1300 1336 1372 1401 1409 1417 1320 1149 986 846 796 796 790 780 769 765 765 765 765 765 765 765 684 562 418 358 296 352 451 510 510 510 510 552 630 769 1129 1429 1651 1936 2243 2513 2952 3432 3972 4573 5335 6101 6708 7138 7660 8315 9035 9646 10107 10811 11717 12704 13447 13905 13960 13842 14042 14305 14402 14332 14100 13955 13781 13416 13085 12890 12644 12128 11537 11016 10421 9963 9531 8993 8228 7154 5898 4230 2135 
307 406 505 534 631 784 951 1067 1108 1143 1143 1143 1143 1143 1143 1168 1204 1240 1251 1177 1103 1057 927 826 778 765 765 765 765 765 765 765 765 765 741 704 668 615 529 418 358 296 352 451 510 510 510 510 591 710 891 1210 1468 1676 2012 2370 2589 2991 3460 4001 4587 5335 6101 6708 7152 7754 8497 9156 9678 10112 10811 11717 12704 13447 13905 13960 13842 14038 14295 14385 14316 14017 13782 13571 13301 13075 12928 12648 12057 11438 11056 10553 10074 9605 9020 8241 7159 5898 4230 2135 
189 330 470 511 619 733 822 847 847 847 847 847 847 847 847 872 908 944 971 938 887 858 799 765 765 765 765 765 765 765 765 765 765 765 707 621 533 519 484 418 358 296 352 451 510 510 510 510 591 710 891 1210 1517 1774 2067 2375 2589 2984 3430 3958 4582 5421 6206 6791 7248 7931 8730 9358 9784 10131 10821 11770 12801 13509 13924 13960 13836 13990 14180 14226 14183 13920 13676 13431 13221 13057 12913 12601 12053 11516 11211 10759 10222 9684 9036 8260 7186 5922 4246 2143 
52 271 490 591 685 739 765 765 765 765 765 765 765 765 765 790 826 862 897 853 765 749 765 765 765 765 765 765 765 765 765 765 765 765 704 613 521 510 480 418 358 296 352 451 510 510 510 510 591 710 891 1210 1590 1923 2150 2379 2577 2946 3337 3833 4480 5455 6289 6876 7322 8015 8814 9423 9850 10238 10949 11975 13029 13636 13952 13960 13821 13909 14020 14045 14056 13864 13636 13393 13200 13052 12853 12474 11967 11550 11324 10916 10325 9749 9083 8340 7299 6022 4312 2177 
0 203 405 612 747 765 765 765 765 765 765 765 765 765 765 790 826 812 773 748 734 749 765 765 765 765 765 765 765 765 765 763 759 755 695 608 520 510 480 418 358 296 352 451 510 510 510 510 591 710 891 1210 1590 1923 2150 2352 2488 2795 3176 3726 4396 5372 6186 6821 7320 8042 8826 9424 9921 10433 11114 12100 13069 13553 13839 13922 13812 13871 13929 13910 13898 13737 13421 13152 13064 13018 12849 12470 11966 11550 11324 10916 10325 9760 9058 8273 7265 6027 4339 2190 
0 153 305 534 694 737 762 765 765 765 765 765 765 765 765 772 783 744 680 677 713 749 765 765 765 765 765 765 765 765 765 741 686 631 588 551 514 510 480 418 358 296 352 451 510 534 561 589 646 738 891 1210 1590 1923 2150 2345 2467 2760 3138 3695 4330 5266 6120 6953 7586 8332 8990 9449 9922 10436 11115 12100 13040 13474 13763 13896 13812 13871 13903 13834 13771 13638 13313 13047 12977 12861 12534 12138 11824 11565 11404 11056 10506 9932 9171 8263 7157 5855 4213 2127 
38 152 265 386 447 568 692 731 756 765 765 765 765 765 765 719 655 642 652 677 713 749 765 765 765 765 765 765 765 765 765 725 633 541 493 467 442 416 386 350 315 279 352 451 510 577 652 729 744 787 892 1210 1590 1923 2150 2345 2466 2756 3131 3686 4322 5261 6148 7038 7697 8449 9065 9464 9922 10436 11115 12100 13040 13474 13763 13896 13812 13871 13903 13834 13771 13638 13313 13047 12964 12754 12275 11848 11694 11603 11548 11303 10775 10139 9311 8331 7168 5811 4174 2107 
178 209 238 263 265 384 517 585 643 663 663 663 663 663 663 635 596 607 642 677 713 749 765 765 765 765 765 765 765 765 765 725 633 541 471 412 355 296 265 262 259 257 352 451 510 586 672 759 765 798 892 1210 1590 1923 2150 2345 2451 2719 3141 3714 4290 5205 6130 7076 7753 8477 9071 9488 9976 10524 11217 12149 13044 13474 13763 13896 13812 13871 13903 13788 13646 13529 13284 13047 12964 12726 12196 11752 11649 11613 11578 11355 10869 10289 9517 8499 7258 5823 4174 2107 
191 214 237 255 255 281 311 342 373 403 434 464 495 510 510 535 571 607 642 677 713 749 765 765 765 765 765 765 760 737 689 615 516 417 363 332 302 271 255 255 255 255 352 451 510 586 672 759 765 798 892 1210 1590 1923 2150 2345 2437 2678 3092 3602 4156 5136 6165 7274 8022 8591 9137 9713 10258 10764 11422 12225 13051 13474 13763 13896 13812 13871 13903 13760 13568 13462 13266 13047 12964 12726 12196 11752 11649 11613 11578 11355 10927 10443 9773 8711 7374 5837 4174 2107 
52 125 198 255 255 255 255 255 255 293 353 411 470 500 500 525 561 597 632 667 703 739 755 755 755 755 755 755 739 666 544 436 359 281 255 255 255 255 255 255 255 255 352 451 510 586 672 759 765 799 969 1361 1669 1928 2150 2345 2459 2726 3157 3653 4183 5048 5948 6998 7839 8478 9134 9797 10350 10828 11483 12267 13065 13474 13741 13825 13693 13754 13834 13740 13568 13462 13246 12968 12828 12579 12110 11735 11649 11613 11578 11355 10938 10469 9827 8813 7570 6025 4309 2175 
0 92 183 255 255 255 255 255 255 272 298 323 350 363 363 388 424 460 495 530 566 602 618 618 618 618 618 618 598 506 393 315 290 264 255 255 255 255 255 255 255 255 352 451 510 586 672 759 765 800 1020 1462 1723 1931 2150 2351 2568 2929 3339 3791 4276 5002 5733 6679 7585 8349 9104 9797 10350 10861 11608 12408 13116 13474 13723 13769 13599 13627 13679 13632 13542 13462 13220 12847 12571 12294 11964 11715 11653 11618 11585 11359 10936 10439 9818 8851 7721 6188 4432 2238 
0 92 183 255 255 255 255 255 255 255 255 255 255 255 255 280 316 352 387 422 458 494 510 510 510 510 510 510 490 398 307 255 255 255 255 255 255 255 255 255 255 255 352 451 510 586 672 759 765 800 1020 1462 1723 1931 2150 2357 2640 3050 3398 3809 4323 5076 5802 6707 7585 8349 9104 9797 10350 10866 11626 12429 13123 13474 13723 13769 13599 13602 13609 13578 13551 13486 13197 12793 12498 12209 11946 11772 11741 11657 11537 11350 10971 10447 9908 8976 7840 6268 4485 2264 
0 51 101 149 191 232 255 255 255 255 255 255 255 255 255 271 295 318 341 364 387 440 507 543 555 568 539 510 479 436 386 357 357 357 357 357 357 357 357 357 357 357 454 553 612 688 774 861 867 901 1071 1448 1694 1887 2092 2308 2606 3030 3447 3978 4566 5331 6001 6779 7640 8508 9277 9865 10364 10866 11626 12429 13123 13474 13723 13769 13599 13646 13734 13739 13686 13540 13152 12778 12520 12195 12003 11926 11926 11751 11496 11313 10968 10430 9929 9045 7956 6416 4593 2317 
0 0 0 20 112 203 255 255 255 255 255 255 255 255 255 255 255 255 256 256 256 330 474 567 603 638 580 525 489 510 510 510 510 510 510 510 510 510 510 510 510 510 607 706 765 841 974 1112 1122 1155 1249 1518 1728 1887 2058 2291 2559 2946 3421 4017 4607 5333 5988 6781 7738 8755 9563 10001 10401 10866 11626 12429 13123 13474 13723 13769 13599 13662 13780 13798 13720 13512 13104 12790 12577 12254 12062 11985 11985 11826 11593 11415 11086 10584 10119 9252 8174 6693 4793 2419 
0 0 0 9 51 92 137 188 238 317 392 407 407 407 407 407 407 407 407 407 379 359 379 427 463 498 491 486 489 510 510 510 510 510 510 510 510 510 510 510 513 516 614 713 772 848 1050 1292 1335 1377 1442 1669 1856 2003 2161 2396 2584 2881 3336 3855 4421 5158 5869 6718 7707 8749 9614 10121 10515 10917 11581 12309 13013 13439 13723 13769 13599 13662 13780 13798 13717 13497 13023 12648 12503 12247 12062 11985 11985 11886 11698 11473 11133 10795 10508 9618 8387 6817 4865 2455 
0 0 0 0 0 23 84 170 253 364 464 485 485 485 485 485 508 546 582 582 536 454 391 408 444 479 514 550 586 607 607 607 609 611 612 612 612 612 612 612 679 764 840 901 938 1014 1144 1352 1438 1494 1512 1690 1857 2003 2181 2474 2716 2959 3348 3800 4375 5178 5920 6706 7593 8553 9372 9979 10489 10981 11650 12365 13087 13563 13871 13919 13752 13815 13901 13847 13688 13454 12998 12567 12479 12342 12162 12045 12030 11892 11645 11380 11019 10716 10452 9697 8589 6988 4928 2484 
0 0 0 0 0 92 204 249 282 314 340 345 345 345 345 345 404 500 592 592 574 542 529 558 594 629 664 700 736 757 757 760 827 895 917 917 944 981 991 991 1063 1155 1175 1178 1180 1256 1347 1528 1628 1690 1690 1786 1882 2003 2196 2535 2824 3030 3373 3800 4383 5291 6122 6865 7646 8505 9237 9754 10252 10848 11710 12597 13389 13865 14186 14299 14196 14272 14334 14219 13955 13698 13346 12940 12850 12750 12521 12279 12171 11912 11538 11263 10992 10762 10494 9787 8756 7181 5079 2562 
0 50 99 102 102 171 245 255 255 255 255 255 255 264 320 376 424 468 510 510 510 510 530 566 602 637 672 729 790 826 826 830 911 993 1020 1020 1104 1223 1254 1254 1262 1273 1275 1275 1275 1351 1442 1623 1723 1785 1785 1841 1897 2003 2196 2535 2824 3030 3376 3814 4389 5299 6138 6908 7650 8392 9120 9599 10044 10627 11601 12606 13449 13925 14253 14406 14343 14427 14489 14363 14027 13731 13451 13053 12908 12834 12707 12541 12433 12183 11807 11534 11313 11092 10757 9910 8811 7296 5263 2656 
0 125 249 255 255 255 255 255 255 255 255 266 281 307 392 477 510 510 510 510 510 510 530 566 602 637 672 782 908 981 981 982 998 1015 1067 1138 1201 1260 1275 1275 1275 1275 1275 1275 1275 1351 1442 1623 1723 1785 1785 1841 1897 2003 2196 2535 2824 3030 3402 3921 4488 5270 6017 6772 7539 8310 9085 9585 10044 10627 11601 12606 13449 13924 14219 14340 14265 14382 14476 14334 13967 13671 13422 13006 12802 12750 12745 12729 12713 12544 12228 11955 11734 11483 11071 10103 8954 7462 5386 2719 
0 125 249 255 255 255 255 255 255 255 255 310 383 448 474 500 510 510 510 510 510 510 530 566 611 695 779 872 965 1020 1020 1020 1035 1058 1136 1243 1275 1275 1275 1275 1275 1275 1275 1275 1275 1351 1442 1623 1723 1785 1785 1841 1897 2003 2196 2535 2862 3111 3464 3981 4536 5306 6041 6738 7472 8241 9023 9545 10027 10627 11601 12606 13449 13923 14170 14243 14150 14315 14458 14276 13849 13506 13287 12975 12802 12750 12750 12750 12750 12583 12267 11994 11773 11568 11286 10576 9555 8003 5691 2873 
0 125 249 255 255 255 255 255 265 297 330 388 455 510 510 510 510 510 510 510 510 510 534 577 638 773 907 963 999 1020 1020 1020 1085 1191 1243 1268 1275 1275 1275 1275 1275 1275 1275 1275 1301 1412 1534 1680 1746 1785 1785 1841 1897 2003 2196 2535 2936 3267 3570 4018 4560 5408 6193 6777 7413 8143 8914 9500 10090 10792 11758 12693 13465 13923 14156 14216 14116 14292 14448 14262 13824 13390 13123 12916 12802 12750 12750 12750 12750 12583 12267 11994 11773 11594 11433 11032 10295 8901 6339 3201 
0 125 249 255 255 255 255 255 283 373 465 495 503 510 510 510 510 510 510 510 510 510 571 680 782 851 920 963 999 1020 1020 1020 1101 1231 1275 1275 1275 1275 1275 1275 1275 1275 1275 1275 1337 1496 1662 1760 1777 1785 1785 1841 1897 2003 2196 2535 2953 3357 3734 4178 4667 5404 6122 6717 7354 8086 8860 9516 10283 11157 12106 12885 13501 13923 14156 14216 14074 14158 14231 14079 13766 13390 13123 12916 12802 12750 12750 12750 12750 12583 12267 11994 11773 11594 11456 11202 10773 9751 7128 3596 
102 177 251 255 255 255 255 255 285 384 484 510 510 510 510 510 510 510 510 510 510 510 591 733 857 892 927 963 999 1020 1025 1034 1113 1234 1275 1275 1275 1275 1275 1275 1275 1275 1275 1275 1346 1516 1692 1779 1785 1785 1785 1841 1897 2003 2196 2535 2966 3435 3843 4214 4637 5305 5989 6587 7237 7966 8720 9374 10180 11068 12015 12812 13463 13923 14156 14216 14057 14102 14112 13933 13624 13238 13048 12916 12802 12750 12750 12750 12750 12583 12267 11994 11773 11594 11456 11196 10818 9879 7296 3681 
255 255 255 255 255 255 263 273 307 396 487 510 510 510 510 510 510 510 510 510 510 510 591 733 857 892 927 963 999 1020 1073 1164 1223 1262 1275 1275 1275 1275 1275 1275 1275 1275 1275 1275 1346 1516 1692 1779 1785 1785 1785 1841 1913 2040 2251 2582 2982 3495 3971 4310 4629 5151 5715 6175 6774 7507 8347 9132 9967 10782 11628 12493 13273 13858 14098 14165 14027 14092 14112 13910 13544 13141 13005 12916 12802 12750 12750 12750 12750 12583 12267 11994 11773 11594 11459 11173 10707 9674 7113 3588 
103 177 251 255 255 255 315 382 440 471 502 510 510 510 510 510 510 510 510 510 562 616 690 778 857 892 927 963 999 1020 1071 1158 1218 1261 1275 1275 1275 1275 1275 1275 1275 1275 1275 1275 1317 1449 1590 1716 1760 1785 1785 1841 1960 2122 2391 2746 3091 3524 4003 4413 4752 5105 5502 5810 6362 7072 7977 8886 9761 10591 11402 12270 13029 13588 13832 13951 13923 14067 14112 13830 13368 13060 13005 12916 12802 12750 12750 12750 12750 12583 12267 11994 11773 11594 11461 11195 10745 9687 7063 3562 
0 125 249 255 255 255 318 389 448 475 503 510 510 510 510 510 510 510 510 510 600 694 762 811 857 892 927 963 999 1020 1023 1029 1108 1233 1275 1275 1275 1275 1275 1275 1275 1275 1275 1275 1281 1326 1379 1507 1638 1739 1784 1825 1918 2025 2259 2619 2990 3320 3713 4183 4589 4865 5194 5452 6032 6787 7713 8601 9410 10181 10918 11698 12379 12931 13241 13463 13617 13877 13944 13713 13303 13036 13005 12916 12802 12750 12750 12750 12750 12583 12267 11994 11773 11594 11461 11195 10745 9611 6907 3481 
0 125 249 255 255 255 267 280 315 401 487 510 510 510 510 510 510 510 510 510 538 567 635 732 816 835 854 874 894 912 928 945 1041 1187 1247 1263 1275 1275 1275 1275 1275 1275 1275 1275 1275 1275 1280 1374 1549 1697 1784 1792 1805 1819 1968 2240 2591 2917 3241 3798 4362 4614 4882 5090 5595 6260 7026 7787 8517 9229 10011 10823 11619 12315 12784 13121 13295 13502 13513 13351 13133 12999 13005 12916 12802 12750 12750 12750 12750 12583 12267 11994 11773 11582 11431 11079 10535 9472 6856 3457 
0 75 150 201 251 255 255 255 285 384 484 510 510 510 510 510 510 510 510 510 510 510 571 677 765 765 765 765 765 780 816 852 950 1087 1176 1240 1275 1275 1275 1275 1275 1275 1275 1275 1275 1275 1280 1374 1549 1697 1784 1785 1785 1785 1836 1983 2374 2782 3043 3410 3852 4347 4799 4983 5285 5679 6179 6836 7574 8327 9230 10103 11021 11796 12417 12893 13098 13167 12976 12854 12838 12876 12949 12860 12746 12694 12694 12694 12694 12527 12211 11938 11717 11502 11296 10848 10188 9157 6668 3363 
0 0 0 120 244 255 255 255 284 378 473 502 506 510 510 510 510 510 510 510 510 510 571 677 765 765 765 765 765 780 816 852 899 954 1070 1216 1275 1275 1275 1275 1275 1275 1275 1275 1275 1275 1278 1330 1446 1564 1676 1736 1769 1785 1817 1934 2275 2656 2881 3162 3560 4151 4663 4823 5040 5304 5664 6191 6823 7529 8445 9291 10175 10985 11647 12159 12421 12487 12342 12420 12584 12635 12693 12634 12565 12534 12534 12534 12534 12365 12046 11770 11520 11184 10739 10028 8988 7757 5606 2827 
0 0 0 48 98 171 245 255 266 302 338 395 458 510 510 510 510 510 510 510 510 510 537 543 519 542 601 613 613 622 644 665 686 707 815 967 1025 1040 1054 1068 1082 1096 1111 1123 1123 1123 1123 1127 1151 1207 1394 1622 1723 1785 1796 1839 1991 2240 2486 2815 3172 3654 4094 4351 4597 4784 4981 5321 5790 6332 7085 7909 8658 9400 10117 10770 11162 11455 11727 12036 12241 12275 12396 12471 12495 12495 12491 12358 12173 11914 11601 11371 11009 10330 9367 7930 5871 3867 2414 1217 
0 0 0 0 0 92 191 204 204 204 204 261 338 405 428 450 459 459 459 459 459 459 459 404 322 361 450 482 500 510 510 510 510 510 587 702 747 781 825 874 910 944 979 1008 1010 1012 1013 1015 1017 1038 1190 1398 1531 1657 1730 1761 1793 1872 2110 2446 2675 2938 3215 3703 4134 4298 4310 4388 4617 4959 5470 6263 6863 7516 8295 8926 9501 10097 10753 11201 11574 11810 12062 12309 12430 12424 12376 12096 11672 11264 10710 10163 9400 8280 6898 5073 2913 843 76 38 
0 0 0 0 0 23 49 52 52 52 52 66 84 113 194 275 307 307 307 307 307 307 307 293 272 283 307 379 462 510 510 510 510 510 533 567 580 591 672 779 811 822 832 845 870 895 920 944 970 996 1048 1086 1256 1461 1636 1717 1785 1800 1868 1997 2223 2597 2669 2797 3092 3398 3532 3622 3848 4109 4254 4535 4954 5509 6004 6369 7249 8082 8942 9735 10566 11192 11511 11740 11882 11807 11537 11269 10984 10594 9701 8529 6964 5039 3069 1500 704 187 0 0 
0 0 0 0 0 0 0 0 0 0 0 0 0 10 69 128 151 151 151 151 151 151 151 151 151 151 151 204 269 307 307 307 307 307 307 307 307 307 368 450 468 468 468 471 494 518 541 564 587 611 634 634 738 865 966 1017 1060 1060 1060 1088 1251 1512 1487 1415 1534 1840 2061 2170 2322 2464 2446 2421 2600 2894 3117 3297 3868 4408 4963 5562 6131 6560 6736 6838 6911 6837 6597 6423 6296 6090 5563 4799 3738 2429 1130 250 0 0 0 0 
