60
0
100
100
0 0 0 0 0 0 0 0 0 0 0 0 0 0 0 0 0 0 0 0 0 0 30 147 255 445 708 765 765 765 765 765 765 765 765 777 897 1106 1279 1455 1579 1630 1788 2087 2477 2905 3324 3553 3682 3833 4335 4879 5131 5563 6426 7223 7811 8289 9083 9844 9995 10281 10540 10666 10536 10201 9655 9234 8682 8045 7627 7365 7202 7151 6896 6504 5929 5226 4517 4058 3723 3521 3148 2700 2163 1787 1444 1223 1062 1008 893 676 562 459 282 66 0 0 0 0 
0 0 0 0 0 0 0 0 0 0 0 0 0 0 0 0 0 0 38 101 137 161 369 542 592 655 743 765 765 765 765 830 956 1103 1247 1398 1618 1948 2315 2714 3003 3099 3245 3486 3984 4509 5025 5503 6005 6437 7014 7717 8274 8718 9257 9819 10349 10737 11264 11843 12090 12202 12335 12440 12420 12180 11842 11644 11495 11302 11072 10736 10314 9882 9292 8706 8172 7687 7137 6728 6314 5918 5431 4973 4424 3870 3251 2830 2587 2425 2140 1770 1499 1219 798 412 216 85 0 0 
0 0 0 0 0 0 0 0 0 0 0 0 0 0 9 18 20 20 135 337 423 450 644 765 765 765 782 826 871 894 929 1075 1295 1563 1868 2177 2455 2833 3293 3816 4292 4574 4876 5236 5805 6370 6947 7563 8282 8875 9455 10215 10941 11391 11686 12013 12407 12691 12946 13302 13588 13663 13773 13887 13946 13805 13593 13515 13569 13624 13545 13302 12837 12259 11515 10818 10321 9935 9430 9009 8617 8179 7670 7181 6558 5762 4958 4435 4099 3769 3315 2764 2319 1893 1399 976 645 315 96 49 
0 0 0 0 0 0 0 0 0 0 0 0 0 0 69 151 187 192 371 653 729 734 753 765 765 765 831 1000 1176 1306 1509 1862 2202 2541 2929 3351 3651 3933 4271 4731 5294 5830 6400 7094 7867 8545 9120 9729 10295 10824 11412 11938 12364 12644 12908 13146 13312 13462 13573 13800 14027 14161 14306 14415 14462 14454 14346 14184 14014 13930 13885 13851 13726 13518 13055 12508 11980 11579 11087 10568 10081 9494 8933 8469 7949 7180 6603 6191 5736 5129 4588 3976 3432 2919 2475 2035 1410 767 369 186 
0 0 0 0 0 0 0 0 0 0 0 2 21 39 134 297 510 592 669 756 765 765 765 765 837 924 1051 1213 1481 1768 2137 2596 3134 3611 3965 4338 4823 5403 5911 6441 7048 7663 8216 8829 9524 10134 10670 11278 11754 12236 12790 13117 13303 13468 13733 13911 13971 14091 14207 14349 14492 14568 14678 14757 14720 14683 14636 14503 14317 14153 14067 14038 14014 13990 13805 13493 12994 12584 12154 11674 11115 10530 10023 9591 9160 8678 8379 8092 7580 6804 6066 5216 4489 3849 3251 2695 2066 1527 1068 539 
0 0 0 0 0 0 0 0 0 0 0 10 153 313 361 445 635 765 765 765 765 765 779 804 1003 1232 1442 1572 1981 2479 3087 3582 4294 4932 5370 5738 6158 6812 7566 8227 8766 9263 9880 10424 11065 11577 12014 12515 12968 13379 13752 13942 14026 14125 14327 14488 14529 14598 14666 14726 14794 14849 14915 14968 14890 14808 14765 14670 14555 14353 14155 14065 14025 14025 13979 13872 13578 13164 12676 12101 11601 11236 10875 10530 10121 9758 9510 9186 8622 7838 7153 6410 5633 4944 4302 3710 3113 2566 1867 941 
0 0 0 0 0 0 0 0 0 8 36 72 273 505 587 684 728 765 765 765 765 794 906 1180 1603 1986 2171 2393 2860 3475 4292 4958 5698 6328 6837 7438 8000 8579 9208 9817 10196 10481 11020 11657 12410 12924 13160 13344 13609 13896 14182 14424 14598 14682 14793 14939 14918 14842 14810 14897 14997 15045 15045 15045 14960 14871 14826 14736 14638 14452 14239 14133 14079 14051 13987 13905 13702 13383 12951 12312 11782 11434 11150 10940 10702 10441 10119 9675 9220 8687 8152 7598 6949 6310 5618 4862 4071 3301 2331 1176 
0 0 0 0 0 0 0 0 0 27 118 202 371 586 667 756 765 765 768 806 865 982 1196 1689 2324 2849 3011 3445 4104 4872 5689 6420 6989 7517 8096 8851 9523 10036 10456 11008 11484 11852 12295 12938 13539 13943 14067 14084 14162 14308 14460 14596 14765 14878 14981 15131 15136 15035 14983 15006 15032 15045 15045 15045 15020 14994 14963 14873 14775 14589 14376 14270 14200 14109 14008 13970 13821 13532 13089 12399 11836 11473 11245 11111 10988 10785 10506 10178 9863 9519 8944 8187 7548 7095 6482 5615 4849 4181 3074 1550 
0 0 0 0 0 0 0 18 55 105 220 396 552 726 759 764 765 765 776 909 1148 1535 2003 2546 3059 3513 3750 4375 5405 6343 7007 7681 8164 8581 9170 9867 10392 10797 11376 12210 12971 13328 13551 13823 14060 14233 14297 14328 14416 14566 14723 14755 14921 15096 15188 15249 15198 15097 15045 15045 15045 15045 15045 15045 15045 15045 15020 14930 14832 14646 14433 14327 14259 14180 14106 14106 13994 13670 13152 12415 11836 11473 11252 11126 11017 10887 10712 10447 10067 9690 9218 8613 8044 7497 6864 6169 5584 4956 3650 1840 
0 0 0 0 0 0 0 48 149 281 371 481 602 736 765 765 789 865 999 1254 1622 2168 2787 3361 3922 4481 5025 5676 6602 7456 8099 8785 9369 9746 10190 10703 11255 11840 12554 13279 13871 14093 14206 14280 14280 14288 14375 14516 14661 14753 14905 14982 15105 15239 15300 15300 15198 15097 15045 15045 15045 15045 15045 15045 15045 15045 15020 14930 14832 14646 14433 14327 14276 14259 14244 14244 14132 13750 13169 12415 11836 11473 11252 11110 10980 10887 10816 10597 10161 9763 9414 8912 8358 7830 7238 6625 6161 5607 4192 2113 
0 0 0 0 0 30 77 135 206 402 525 552 634 742 769 779 849 1028 1314 1719 2269 2983 3715 4306 4910 5531 6328 7100 7876 8661 9142 9541 10038 10585 11274 12020 12710 13316 13737 13975 14145 14207 14249 14280 14280 14302 14451 14703 14944 15067 15158 15239 15267 15289 15300 15300 15198 15097 15045 15045 15045 15045 15045 15045 15045 15045 15020 14930 14832 14646 14433 14327 14280 14280 14280 14280 14168 13814 13255 12441 11782 11431 11244 11080 10890 10737 10726 10566 10161 9791 9538 9064 8575 8229 7662 6983 6456 5934 4478 2258 
0 0 0 0 0 71 181 243 250 402 572 682 735 760 798 866 1000 1269 1794 2415 3059 3859 4764 5527 6196 6831 7518 8212 8875 9577 9966 10302 10775 11512 12405 13185 13677 13939 14114 14204 14280 14280 14280 14322 14393 14511 14672 14895 15137 15283 15291 15299 15300 15300 15300 15300 15198 15097 15045 15045 15045 15045 15045 15045 15045 15045 15020 14930 14832 14646 14433 14327 14280 14280 14280 14280 14168 13871 13360 12444 11649 11343 11228 11075 10875 10674 10626 10444 10091 9769 9538 9152 8799 8384 7824 7316 6880 6242 4630 2333 
0 0 0 0 0 76 193 300 382 458 586 726 800 833 902 1098 1381 1849 2740 3687 4406 5020 5730 6495 7159 7778 8413 9045 9580 10144 10670 11349 12090 12797 13422 13896 14119 14194 14230 14255 14284 14291 14301 14400 14590 14836 14981 15076 15197 15300 15300 15300 15300 15282 15245 15209 15143 15078 15045 15045 15045 15045 15045 15041 15013 14985 14947 14830 14709 14597 14433 14327 14280 14280 14280 14267 14114 13761 13226 12381 11680 11364 11190 11016 10837 10621 10531 10321 10016 9739 9528 9162 8841 8462 7934 7403 6888 6059 4398 2216 
0 0 0 2 4 85 235 380 505 521 596 740 869 971 1103 1539 2124 2797 3767 4752 5565 6144 6675 7354 8051 8738 9253 9782 10259 10803 11601 12417 13056 13492 13783 14023 14148 14213 14222 14222 14256 14326 14469 14661 14836 14950 15011 15066 15158 15242 15242 15242 15242 15197 15065 14868 14753 14684 14678 14678 14715 14760 14770 14759 14675 14602 14569 14433 14264 14217 14154 14094 14099 14133 14101 13946 13597 13137 12651 12096 11631 11250 10932 10719 10601 10486 10423 10237 9892 9538 9288 8922 8545 8234 7735 7108 6461 5613 4094 2062 
0 0 0 54 120 199 400 500 550 643 708 777 971 1311 1698 2182 2900 3749 4657 5405 6179 6944 7523 8249 9076 9824 10168 10562 10958 11420 12189 12898 13380 13698 13880 13988 14025 14043 14070 14105 14207 14367 14582 14728 14796 14857 14951 15020 15031 15030 15009 14997 14996 14927 14694 14329 14118 14016 14016 14016 14110 14176 14155 14108 14074 14029 14048 13981 13836 13710 13676 13680 13751 13795 13667 13391 12952 12506 12070 11636 11211 10811 10500 10314 10242 10140 10046 9851 9501 9125 8875 8459 7975 7574 7044 6382 5937 5408 4092 2062 
0 0 0 97 214 280 452 563 629 736 799 858 1123 1729 2540 3256 4101 4952 5613 6146 6654 7513 8345 9060 9831 10470 10832 11337 11884 12433 12949 13385 13637 13798 13893 13940 13949 13962 14061 14200 14402 14597 14696 14733 14770 14825 14889 14925 14806 14527 14260 14159 14154 14040 13823 13610 13560 13534 13520 13506 13392 13131 12923 12834 12974 12980 12833 12717 12660 12569 12518 12501 12439 12290 12178 12187 12000 11688 11220 10703 10243 9972 9784 9644 9552 9433 9316 9165 8823 8430 8049 7570 7179 6837 6436 5883 5442 5029 3969 1999 
0 0 0 97 258 363 506 675 749 824 939 1175 1590 2380 3450 4329 5008 5716 6389 7127 7686 8412 9274 9860 10379 10912 11474 12150 12678 13050 13316 13609 13751 13786 13790 13824 13867 13951 14144 14352 14486 14544 14487 14431 14398 14388 14249 14061 13815 13465 13104 12963 12903 12758 12582 12415 12285 12170 12059 11893 11555 11129 10770 10584 10613 10558 10322 10117 10029 9968 9906 9838 9718 9568 9494 9502 9428 9348 9217 9064 9027 9027 8900 8721 8543 8425 8315 8185 7843 7410 6967 6605 6343 6107 5871 5582 5008 4369 3387 1706 
0 0 0 97 336 510 556 690 765 863 1074 1585 2308 3240 4314 5205 5731 6350 7025 7825 8477 9117 9927 10515 10893 11431 12063 12654 13015 13237 13384 13567 13694 13728 13730 13812 13967 14180 14364 14495 14486 14426 14304 14226 14018 13772 13431 13095 12684 12306 12001 11896 11664 11314 11013 10777 10492 10210 9941 9559 9181 8878 8508 8133 7893 7758 7513 7242 7051 7017 7013 7013 6931 6807 6767 6748 6799 7099 7360 7500 7753 7956 7909 7822 7698 7550 7410 7249 7009 6691 6403 6177 5951 5659 5305 4996 4349 3586 2692 1353 
0 0 0 97 341 536 589 702 798 996 1454 2263 3134 3895 4716 5593 6417 7115 7719 8425 9169 9796 10383 11039 11618 12073 12474 12803 12958 13144 13303 13454 13587 13683 13768 13843 13965 14153 14367 14475 14325 14151 14025 13926 13530 12956 12493 12229 11906 11522 11190 11018 10655 10172 9708 9407 9094 8609 8019 7504 7196 6956 6649 6322 6103 6029 5752 5344 5040 4993 5021 5060 5057 5001 4885 4935 5163 5533 5875 6135 6344 6598 6738 6844 6792 6635 6480 6342 6189 6015 5872 5695 5480 5191 4685 4099 3590 3074 2330 1149 
0 30 90 245 435 638 766 904 1170 1532 2095 2867 3683 4440 5321 6195 7139 7806 8451 9158 9987 10634 11054 11622 12265 12701 12949 13107 13176 13327 13426 13505 13590 13720 13897 14005 14010 14054 14165 14166 13860 13629 13499 13135 12689 12253 11827 11482 11172 10743 10264 9874 9406 8929 8480 8171 7838 7258 6450 5823 5319 4883 4518 4370 4289 4221 4118 4000 3851 3674 3489 3399 3496 3692 3779 3838 4017 4363 4724 4979 5260 5593 5759 5846 5800 5703 5605 5540 5423 5307 5201 5005 4756 4466 3920 3298 2857 2402 1748 848 
0 93 253 504 642 749 892 1058 1457 1990 2663 3502 4494 5325 6136 6803 7656 8334 9126 9857 10713 11373 11749 12137 12670 13055 13239 13332 13372 13483 13596 13723 13842 13918 13982 14043 14034 13952 13805 13691 13447 12980 12673 12275 11870 11484 11066 10682 10319 9824 9189 8490 7782 7168 6744 6428 6043 5526 4947 4453 4002 3612 3320 3221 3161 3096 3068 3086 3026 2876 2687 2499 2493 2583 2702 2847 3021 3334 3670 3903 4296 4580 4630 4639 4624 4535 4437 4382 4312 4204 4101 3950 3716 3482 3115 2714 2285 1781 1188 578 
0 117 310 634 847 919 1040 1201 1736 2534 3355 4210 5320 6287 7132 7745 8322 8801 9565 10412 11165 11695 12269 12777 13210 13393 13447 13445 13422 13517 13681 13844 13980 14025 14025 14099 14093 13901 13493 13108 12839 12283 11800 11381 10988 10607 10130 9654 9233 8737 8078 7208 6431 5781 5414 5052 4589 3959 3501 3171 3003 2823 2637 2532 2404 2371 2339 2296 2222 2138 2074 1893 1691 1538 1592 1863 2129 2487 2841 3014 3272 3409 3512 3721 3896 3851 3742 3663 3621 3487 3350 3250 3045 2813 2454 2019 1634 1366 1092 574 
0 117 310 636 871 978 1180 1513 2225 3248 4284 5136 5976 6873 7740 8427 8985 9598 10449 11326 11913 12293 12828 13329 13607 13556 13442 13416 13444 13607 13836 13961 14022 14005 13946 13908 13723 13451 13006 12407 11953 11628 11203 10693 10128 9618 8992 8388 7742 7082 6399 5862 5399 4871 4391 4007 3651 3175 2871 2680 2529 2223 1907 1705 1567 1472 1389 1349 1349 1332 1332 1256 1112 988 989 1114 1319 1810 2291 2384 2376 2399 2555 2767 2979 3018 2935 2814 2749 2691 2600 2513 2345 2160 1847 1511 1257 1136 981 523 
0 171 379 655 888 1043 1400 1955 2720 3727 4924 6070 6965 7749 8361 8971 9673 10588 11510 12187 12639 12910 13249 13531 13621 13562 13492 13594 13739 13858 13950 13973 13932 13853 13693 13446 12996 12481 12027 11644 11274 10967 10577 10057 9407 8688 7878 7072 6250 5608 5111 4931 4720 4317 3695 3183 2864 2592 2402 2199 1948 1530 1223 944 780 661 593 620 684 699 699 686 658 632 618 618 764 1216 1648 1759 1762 1808 1974 2019 2018 2015 1966 1839 1754 1754 1732 1702 1609 1501 1345 1234 1135 1064 929 497 
0 331 617 827 994 1176 1698 2507 3279 4227 5473 6802 7689 8328 8890 9621 10512 11407 12067 12472 13026 13406 13581 13552 13436 13496 13628 13798 13947 14010 13976 13920 13797 13622 13217 12680 12238 11862 11513 11192 10787 10364 9838 9171 8390 7524 6675 5872 5257 4883 4587 4228 3862 3525 3048 2598 2279 2024 1731 1403 1145 852 683 513 355 274 269 340 410 439 439 439 465 491 510 510 622 789 913 975 1088 1193 1413 1486 1454 1439 1427 1387 1357 1357 1357 1357 1334 1292 1167 1065 1034 1025 929 497 
0 429 801 990 1144 1413 2097 3212 4200 5042 6050 7292 8132 8775 9456 10335 11159 11914 12467 12864 13410 13699 13740 13575 13475 13672 13895 13977 14001 13972 13873 13817 13657 13265 12575 11851 11438 11270 11014 10738 10368 9789 9002 8096 7162 6269 5646 5130 4724 4365 4053 3559 3073 2709 2387 2118 1907 1626 1219 821 552 329 186 172 141 128 133 157 182 192 192 192 261 333 383 383 452 514 536 551 663 752 892 1057 1153 1148 1148 1148 1148 1148 1148 1148 1148 1140 1087 1033 977 894 761 412 
0 497 922 1089 1301 1697 2460 3668 4990 6151 7061 8010 8736 9432 10296 11230 11965 12422 12822 13170 13545 13733 13862 13823 13724 13825 13975 14025 14025 13964 13817 13606 13160 12479 11942 11447 11016 10714 10373 10041 9616 8883 7995 7015 6019 5230 4852 4557 4202 3744 3334 2913 2497 2134 1900 1621 1397 1144 831 523 369 182 29 0 0 0 0 0 0 0 0 0 72 147 199 199 213 197 176 285 469 571 679 866 1013 1020 1020 1020 1020 1020 1020 1020 1020 1020 1015 1006 890 703 532 297 
120 575 958 1158 1500 2097 3008 4225 5625 6872 7637 8445 9325 10298 11143 11919 12515 12854 13178 13484 13716 13840 13964 13993 13978 13987 14014 14014 13978 13795 13429 13049 12673 12002 11362 10824 10465 10204 9790 9166 8409 7603 6782 5962 5241 4704 4400 4107 3690 3260 2833 2518 2178 1794 1558 1283 1046 769 478 285 264 142 26 0 0 0 0 0 0 0 0 0 29 59 80 80 80 59 40 131 255 394 529 745 959 1020 1020 1020 1020 1020 1020 1020 1020 1010 938 828 669 495 359 211 
255 671 1016 1261 1765 2637 3763 4904 6232 7406 8165 8847 9765 10822 11555 12185 12707 13106 13468 13816 13995 14135 14132 14067 14025 14025 14025 13974 13853 13524 12980 12471 12216 11732 11077 10485 10056 9728 9177 8237 7130 6311 5652 5054 4617 4254 3962 3672 3302 2985 2619 2330 1949 1492 1162 909 731 538 355 172 93 51 9 0 0 0 0 0 0 0 0 0 0 0 0 0 0 0 0 16 33 177 356 629 878 959 959 959 959 959 959 959 959 931 783 583 444 336 255 158 
255 761 1194 1589 2236 3272 4590 5682 6910 8023 8982 9619 10425 11341 11999 12561 12964 13283 13574 13954 14097 14234 14224 14123 14025 14025 14025 13845 13455 12984 12614 12202 11900 11508 10884 10216 9674 9214 8594 7581 6401 5643 5009 4412 4075 3752 3462 3142 2872 2615 2240 1865 1544 1233 915 635 414 272 205 96 1 0 0 0 0 0 0 0 0 0 0 0 0 0 0 0 0 0 0 0 0 52 134 331 518 673 718 718 718 718 718 718 718 697 557 371 286 269 255 158 
255 793 1274 1996 2903 3931 5227 6331 7455 8465 9542 10320 11097 11952 12568 13091 13460 13702 13920 14224 14253 14278 14250 14133 14025 14019 14007 13744 13213 12665 12403 12127 11735 11190 10414 9672 9090 8453 7709 6901 6039 5380 4751 4241 3931 3557 3253 2890 2617 2315 1967 1552 1255 1087 911 725 480 285 166 84 1 0 0 0 0 0 0 0 0 0 0 0 0 0 0 0 0 0 0 0 0 5 16 71 148 332 409 409 409 409 409 409 409 406 357 289 255 255 255 158 
257 950 1593 2614 3715 4710 5868 6911 7909 8855 9974 10832 11543 12312 12890 13415 13867 14172 14348 14490 14373 14280 14250 14133 14025 13962 13852 13535 13026 12482 12155 11895 11397 10599 9663 8905 8338 7612 6848 6213 5537 4880 4344 4077 3791 3330 2976 2611 2357 2036 1764 1423 1155 1001 840 698 509 345 219 147 74 74 74 74 74 74 74 74 59 30 0 0 0 0 0 0 0 0 0 0 0 0 0 0 20 177 254 255 255 255 255 255 255 255 255 255 255 255 253 157 
438 1350 2236 3281 4417 5445 6695 7775 8673 9480 10479 11299 11950 12684 13238 13740 14192 14414 14478 14518 14383 14280 14250 14133 14015 13811 13408 12939 12569 12203 11797 11361 10768 9956 9095 8320 7609 6777 6039 5440 4908 4415 3979 3686 3414 2972 2565 2189 1929 1628 1365 1156 984 844 664 533 426 331 249 237 224 224 224 224 224 224 224 224 179 91 1 0 0 0 0 0 0 0 0 0 0 0 0 0 6 50 130 244 255 255 255 255 255 255 255 255 255 230 116 44 
510 1673 2822 3905 5149 6211 7418 8492 9314 10119 11077 11868 12415 13091 13632 14026 14314 14471 14450 14409 14336 14280 14250 14133 14004 13742 13221 12640 12202 11911 11480 10808 10156 9494 8763 7919 7023 6198 5516 4950 4522 4101 3553 2994 2649 2406 2160 1931 1665 1393 1146 915 703 592 492 373 298 274 255 255 255 255 255 255 255 255 255 255 228 174 120 120 120 96 48 0 0 0 0 0 0 0 0 0 0 0 46 136 206 255 255 255 255 255 255 255 198 125 35 0 
704 1914 3111 4288 5700 6868 7937 8861 9656 10584 11581 12347 12829 13433 13989 14315 14414 14495 14409 14299 14288 14280 14250 14119 13916 13582 13068 12563 12086 11717 11120 10205 9463 8863 8124 7118 6356 5808 5251 4635 4172 3843 3356 2805 2396 2212 2026 1872 1586 1333 1109 912 679 547 486 420 380 367 354 352 352 352 344 311 278 255 255 255 255 255 255 255 255 207 112 16 15 15 12 6 0 0 0 0 0 0 0 0 123 220 220 220 220 220 220 220 106 0 0 0 
1019 2223 3412 4755 6397 7679 8556 9318 10049 10897 11852 12640 13199 13890 14460 14624 14528 14525 14494 14446 14352 14280 14250 14073 13723 13322 12886 12457 11808 11193 10564 9671 8727 7963 7295 6442 5813 5387 4998 4513 4089 3745 3306 2892 2653 2495 2257 2019 1696 1469 1289 1174 957 803 764 773 794 744 663 650 650 650 631 548 452 367 344 331 294 257 255 255 255 237 202 166 165 165 132 67 1 0 0 0 0 0 0 0 22 39 39 39 39 39 39 39 19 0 0 0 
1182 2638 4077 5504 7102 8353 9118 9884 10694 11430 12295 13064 13644 14220 14652 14714 14556 14535 14535 14518 14361 14207 14151 13962 13531 13012 12563 12214 11617 10882 10203 9370 8383 7562 6981 6283 5650 5224 4955 4549 4108 3786 3405 3026 2757 2546 2337 2130 1886 1660 1413 1333 1200 1078 1039 1059 1129 1153 1089 1079 1079 1079 1069 1028 938 825 706 621 495 393 387 387 387 387 387 387 387 364 280 158 62 61 61 49 25 0 0 0 0 0 0 0 0 0 0 0 0 0 0 0 
1834 3379 4902 6267 7609 8712 9501 10429 11412 12132 12781 13436 14025 14436 14711 14714 14556 14535 14535 14518 14333 14164 14062 13773 13303 12810 12300 11867 11358 10771 10138 9296 8458 7837 7443 6857 6264 5835 5527 5056 4529 4261 3931 3506 3077 2742 2632 2544 2408 2191 1839 1746 1724 1623 1543 1526 1513 1499 1447 1442 1442 1442 1442 1442 1402 1334 1186 1068 954 855 794 752 699 660 654 654 654 563 416 285 234 234 234 192 108 24 17 10 2 0 0 0 0 0 0 0 0 0 0 0 
2563 4128 5675 6991 8093 9034 9790 10734 11707 12396 13090 13834 14440 14646 14751 14714 14556 14535 14535 14518 14316 14209 14175 13758 13100 12611 12190 11754 11208 10636 9928 9060 8423 7944 7659 7231 6701 6202 5951 5599 5145 4843 4493 4099 3680 3295 3194 3171 3130 2930 2525 2426 2488 2421 2306 2254 2184 2118 2023 1957 1921 1920 1902 1879 1842 1791 1680 1580 1510 1433 1334 1197 1012 908 868 832 805 701 568 474 442 423 423 393 335 275 192 93 14 0 0 0 0 0 0 0 0 0 0 0 
3006 4707 6396 7640 8472 9336 10276 11377 12214 12763 13459 14184 14689 14754 14783 14714 14556 14535 14524 14552 14396 14147 14009 13687 13143 12677 12234 11725 11138 10632 9969 9331 8875 8330 7890 7560 7108 6591 6346 6051 5607 5238 4932 4736 4460 4078 3947 4024 4137 3999 3641 3526 3441 3302 3188 3119 3014 2923 2839 2725 2659 2649 2530 2395 2299 2177 2023 1920 1871 1850 1813 1716 1572 1428 1276 1143 1039 900 755 675 591 510 510 510 510 510 362 195 76 44 23 4 0 0 0 0 0 0 0 0 
3314 5074 6820 8043 8862 9811 10912 12141 13019 13610 14087 14502 14769 14785 14790 14714 14556 14533 14451 14480 14443 14045 13681 13349 12982 12688 12154 11405 10657 10232 9927 9614 9241 8657 8147 7907 7627 7247 6997 6747 6382 6058 5816 5756 5619 5368 5251 5273 5258 5066 4793 4634 4396 4153 3956 3844 3767 3688 3633 3528 3394 3307 3083 2858 2760 2653 2554 2443 2351 2344 2314 2183 2034 1843 1632 1505 1419 1253 1070 993 928 864 786 653 541 510 457 398 329 213 83 13 0 0 0 0 0 0 0 0 
3724 5484 7233 8374 9220 10257 11340 12485 13424 14147 14510 14692 14790 14790 14790 14714 14557 14540 14437 14491 14537 14132 13665 13309 13066 12954 12450 11641 10836 10358 10173 10039 9772 9340 8959 8749 8529 8200 7931 7725 7526 7321 7112 7070 6958 6768 6591 6485 6365 6189 5965 5769 5559 5381 5206 5126 5045 4912 4747 4496 4073 3807 3545 3343 3293 3249 3181 2996 2827 2792 2715 2526 2346 2226 2069 1955 1913 1798 1591 1381 1303 1270 1079 811 613 573 571 562 494 345 208 133 78 36 4 0 0 0 0 0 
4159 5793 7415 8593 9587 10670 11638 12672 13673 14423 14699 14759 14790 14790 14790 14714 14586 14696 14696 14651 14571 14192 13827 13545 13303 13220 12907 12330 11746 11352 11180 11105 10945 10586 10244 10054 9854 9650 9439 9313 9218 9056 8983 8991 8750 8459 8208 8120 8076 8010 7854 7726 7566 7326 7055 6913 6783 6586 6257 5792 5250 4988 4622 4244 4073 4014 3832 3543 3312 3169 2980 2772 2638 2616 2554 2457 2358 2226 1986 1662 1438 1319 1209 1111 999 868 763 701 590 472 444 359 213 92 10 0 0 0 0 0 
4930 6355 7768 8978 10229 11449 12277 12982 13863 14554 14790 14790 14790 14790 14790 14714 14617 14820 14887 14760 14598 14287 14037 13787 13515 13419 13146 12698 12262 11925 11687 11503 11438 11309 11140 11036 10864 10782 10742 10803 10799 10661 10582 10503 10173 9909 9709 9637 9573 9511 9421 9312 9083 8894 8689 8516 8401 8222 7904 7410 6979 6739 6354 5935 5640 5467 5186 4821 4478 4080 3637 3336 3198 3158 3066 2844 2615 2498 2338 2135 1861 1611 1465 1338 1225 1060 913 832 752 694 618 471 347 253 173 91 47 3 0 0 
5435 6787 8130 9377 10847 12199 13007 13470 14095 14588 14790 14790 14790 14790 14792 14720 14627 14825 14888 14760 14626 14325 14143 13953 13585 13364 13039 12629 12243 11930 11636 11350 11296 11381 11467 11489 11378 11282 11221 11333 11410 11313 11185 11062 10918 10819 10745 10707 10630 10564 10512 10532 10483 10422 10228 9980 9772 9587 9368 8959 8574 8318 8107 7892 7549 7240 6923 6600 6252 5728 5163 4855 4710 4463 4085 3616 3294 3081 2845 2594 2308 2033 1850 1655 1505 1353 1222 1098 1006 977 808 628 525 456 354 186 106 25 14 7 
5915 7302 8678 9949 11422 12784 13610 14051 14395 14668 14790 14790 14790 14790 14844 14886 14859 14944 14902 14772 14699 14419 14203 13994 13588 13325 13087 12808 12507 12197 11873 11646 11605 11722 11940 12075 12073 12138 12148 12081 12020 11928 11850 11807 11755 11618 11489 11403 11376 11434 11548 11636 11657 11517 11183 10876 10663 10521 10328 9979 9526 9246 9189 9082 8845 8605 8360 8137 7937 7637 7184 6823 6513 6059 5451 4828 4537 4197 3702 3212 2951 2833 2704 2494 2118 1778 1570 1402 1301 1154 975 877 742 558 384 229 198 167 113 57 
6425 7812 9190 10372 11700 12978 13833 14293 14514 14702 14790 14790 14816 14856 14981 15089 15061 15041 14908 14790 14790 14560 14271 13991 13634 13424 13241 12905 12535 12231 11989 11902 11934 12052 12262 12478 12539 12625 12651 12512 12363 12293 12263 12315 12330 12223 12125 12085 12074 12099 12147 12164 12169 12108 11909 11715 11555 11446 11258 10932 10460 10215 10126 9976 9763 9508 9317 9160 9010 8695 8172 7721 7481 7248 6850 6299 5908 5444 4941 4405 4111 4057 3928 3585 3039 2544 2102 1727 1582 1324 1134 1055 914 662 448 304 283 264 174 88 
6777 8122 9457 10603 11842 13049 13922 14394 14581 14736 14790 14790 14861 14973 15121 15159 15066 15043 14908 14790 14790 14560 14271 13988 13642 13426 13330 13055 12733 12521 12392 12312 12324 12447 12684 12953 13037 12999 12969 12941 12898 12832 12789 12902 13007 13031 13031 13039 12964 12885 12817 12742 12669 12623 12584 12526 12498 12484 12407 12213 11909 11693 11411 11107 10775 10385 9975 9673 9463 9212 8871 8574 8423 8320 8151 7755 7225 6680 6155 5581 5057 4867 4660 4248 3777 3383 2913 2457 2172 1915 1677 1356 1033 783 671 591 448 312 174 88 
6955 8445 9927 11157 12308 13388 14140 14519 14660 14776 14790 14790 14885 15024 15164 15174 15066 15043 14908 14790 14790 14560 14271 14035 13748 13555 13469 13246 13028 12860 12848 12882 12913 13064 13275 13390 13470 13480 13506 13591 13642 13545 13454 13590 13686 13686 13615 13544 13436 13343 13269 13199 13130 13095 13095 13091 13142 13150 13080 12915 12748 12524 12225 11983 11781 11506 11111 10830 10597 10293 9953 9635 9377 9177 8974 8665 8166 7749 7278 6824 6231 5811 5410 4967 4516 4182 3899 3651 3243 2829 2344 1717 1284 1025 894 774 531 336 174 88 
7686 9252 10803 12048 12966 13810 14367 14629 14711 14783 14825 14863 15012 15184 15276 15215 15066 15043 14908 14790 14790 14560 14271 14077 13866 13741 13593 13314 13061 12908 12990 13093 13218 13430 13592 13583 13593 13579 13544 13625 13814 13825 13763 13782 13801 13795 13760 13707 13616 13549 13537 13527 13518 13513 13531 13566 13573 13507 13406 13307 13264 13152 13032 12927 12770 12560 12276 12098 11849 11444 11039 10693 10397 10143 9830 9446 8933 8547 8135 7812 7453 7093 6599 6003 5354 4871 4565 4364 3925 3419 2936 2436 1887 1383 1100 921 629 368 174 88 
8920 10191 11458 12625 13444 14175 14597 14789 14790 14790 14892 15004 15147 15261 15300 15224 15066 15043 14908 14790 14790 14617 14385 14185 13935 13771 13663 13426 13165 13090 13334 13503 13611 13760 13876 13859 13785 13642 13531 13579 13769 13898 13897 13897 13897 13897 13897 13858 13745 13642 13642 13642 13591 13534 13571 13679 13708 13636 13561 13514 13514 13514 13504 13385 13157 12897 12682 12543 12383 12168 11922 11575 11155 10840 10576 10294 9878 9490 9150 8863 8618 8257 7845 7344 6692 5952 5349 4964 4438 3980 3609 3282 2713 2012 1555 1180 837 527 275 139 
9435 10673 11901 13014 13717 14325 14645 14803 14877 14953 15009 15062 15167 15266 15300 15224 15066 15043 14908 14790 14790 14641 14403 14174 13989 13930 13827 13529 13288 13347 13652 13854 13910 13946 13981 13879 13763 13688 13712 13802 13850 13891 13965 14039 14053 14053 14053 14036 13986 13940 13940 13940 13796 13636 13599 13634 13632 13594 13551 13569 13619 13648 13643 13588 13498 13377 13327 13209 13061 12909 12760 12495 11983 11457 11099 10899 10564 10203 9915 9607 9264 8918 8695 8431 8049 7306 6470 5744 5132 4784 4449 4010 3422 2777 2114 1369 931 666 399 201 
9475 10844 12204 13325 13915 14426 14673 14810 14922 15043 15141 15228 15263 15291 15300 15224 15066 15043 14908 14790 14790 14629 14387 14144 13986 13962 13927 13688 13497 13536 13741 13925 13973 13937 13883 13687 13645 13760 13816 13889 13953 13960 14036 14113 14156 14192 14208 14208 14208 14208 14208 14208 14085 13948 13901 13901 13898 13895 13872 13801 13722 13716 13753 13764 13742 13749 13740 13631 13495 13341 13173 12983 12694 12318 12009 11802 11350 10858 10502 10315 9985 9694 9448 9117 8735 8237 7638 6809 6169 5739 5265 4621 4031 3474 2675 1830 1327 934 520 262 
9669 11139 12602 13771 14284 14656 14759 14810 14922 15046 15172 15287 15300 15300 15300 15224 15066 15043 14908 14790 14790 14683 14589 14413 14159 13970 13860 13648 13555 13632 13750 13865 13870 13820 13757 13662 13614 13621 13652 13712 13772 13868 13967 14005 14096 14204 14255 14255 14255 14255 14255 14255 14153 14039 14000 14000 14000 14000 13956 13817 13678 13677 13782 13851 13830 13897 13934 13920 13854 13710 13509 13356 13264 13166 13031 12816 12398 11854 11407 11156 10719 10252 9834 9507 9176 8850 8580 7967 7205 6480 5896 5258 4802 4144 3319 2668 2119 1374 652 329 
9854 11486 13109 14262 14582 14805 14893 14960 15000 15053 15172 15287 15300 15300 15300 15224 15066 15043 14908 14798 14846 14779 14674 14466 14104 13761 13472 13086 12897 12951 13040 13126 13099 13046 13009 13055 13033 12954 12924 12957 13065 13367 13583 13650 13683 13725 13803 13899 13978 13996 13996 14033 13935 13791 13723 13695 13680 13680 13594 13513 13513 13581 13612 13661 13737 13863 13878 13881 13897 13855 13705 13619 13638 13645 13535 13287 13071 12705 12358 11949 11425 10838 10387 10145 9957 9650 9278 8624 7947 7297 6670 5980 5550 4861 4068 3446 2786 1884 991 499 
9945 11720 13487 14571 14720 14841 14952 15045 15045 15057 15172 15287 15300 15300 15300 15224 15066 15043 14921 14830 14871 14742 14560 14304 13800 13290 12782 12294 12081 12143 12167 12227 12207 12166 11977 11744 11635 11631 11702 11849 12116 12378 12536 12649 12716 12757 12960 13220 13463 13591 13568 13649 13636 13553 13488 13401 13291 13232 13182 13170 13237 13332 13364 13425 13591 13769 13796 13777 13770 13793 13854 13887 13851 13786 13729 13664 13528 13272 12983 12591 12123 11564 11141 10763 10484 10190 9905 9384 8941 8460 7663 6821 6237 5556 4874 4197 3380 2559 1656 835 
10209 11880 13543 14590 14728 14841 14952 15056 15087 15124 15208 15291 15300 15300 15300 15224 15066 15044 15006 14978 14871 14569 14322 14062 13512 12914 12181 11609 11490 11543 11386 11305 11349 11315 11025 10672 10506 10494 10621 10877 11139 11234 11415 11609 11747 11852 12053 12272 12519 12677 12612 12616 12623 12672 12719 12671 12541 12438 12405 12415 12526 12654 12855 13056 13314 13538 13587 13569 13584 13766 14025 14113 13979 13833 13848 13966 13884 13698 13433 13139 12793 12293 11861 11314 10869 10494 10370 10158 9888 9323 8345 7437 6772 6101 5504 4775 3889 3157 2264 1141 
10794 12268 13735 14682 14858 14967 15009 15080 15183 15278 15289 15299 15300 15300 15300 15224 15066 15045 15045 15042 14881 14522 14210 13830 13110 12314 11509 10924 10784 10707 10391 10121 10002 9897 9769 9602 9494 9460 9589 9848 10076 10205 10401 10597 10755 10920 11088 11318 11537 11596 11566 11505 11605 11758 11796 11748 11660 11656 11798 11940 12036 12095 12402 12778 13080 13254 13340 13444 13550 13759 13946 14041 13991 13982 14005 14086 13977 13815 13624 13441 13143 12702 12356 11893 11451 11033 10880 10655 10370 9751 8955 8225 7474 6689 6107 5382 4462 3665 2648 1331 
11310 12613 13895 14704 14914 15045 15045 15083 15197 15300 15300 15300 15300 15300 15300 15224 15066 15045 15045 14985 14706 14240 13854 13391 12467 11377 10582 10113 9867 9607 9350 9140 8912 8739 8630 8515 8447 8460 8586 8757 8830 8975 9146 9379 9583 9784 10007 10259 10412 10481 10445 10334 10539 10747 10816 10778 10677 10772 11113 11398 11533 11605 11878 12234 12434 12496 12699 13034 13248 13413 13641 13874 13946 14096 14260 14436 14312 14050 13805 13646 13305 12894 12633 12268 11830 11393 11217 10964 10669 10151 9496 8849 8105 7351 6622 5929 5183 4346 3043 1523 
12014 13016 13999 14666 14890 15056 15075 15119 15214 15300 15300 15300 15300 15300 15300 15224 15066 15045 15045 14966 14638 14109 13661 13133 12031 10625 9744 9239 8795 8389 8308 8243 7925 7714 7596 7594 7641 7746 7834 7915 7834 7875 8001 8196 8335 8516 8784 8964 9009 9016 9082 9213 9489 9702 9734 9692 9763 9884 10086 10351 10617 10844 11092 11349 11458 11499 11793 12217 12529 12799 13209 13622 13775 14002 14318 14636 14565 14301 14019 13753 13314 12957 12783 12530 12167 11822 11624 11397 11117 10642 9887 9319 8749 8093 7143 6332 5711 5072 3701 1864 
12088 13133 14160 14778 14927 15095 15187 15256 15279 15300 15300 15300 15300 15300 15300 15269 15206 15116 15045 14960 14608 14013 13468 12793 11559 10060 9125 8549 8033 7558 7376 7219 6855 6638 6541 6581 6602 6629 6636 6691 6685 6718 6883 7016 7027 7165 7416 7562 7659 7776 7931 7898 7891 8045 8246 8533 8902 9213 9420 9643 9954 10169 10296 10402 10627 10858 11173 11609 12058 12419 12770 13083 13412 13777 14140 14443 14503 14462 14230 13866 13335 13012 12870 12660 12348 12076 11818 11543 11282 10925 10324 9749 9076 8355 7578 6968 6411 5725 4207 2126 
11942 13091 14222 14848 14952 15108 15223 15300 15300 15300 15300 15300 15300 15300 15300 15300 15300 15163 15045 14938 14498 13795 13195 12478 11219 9714 8699 8032 7529 6988 6614 6284 6021 5907 5852 5838 5775 5695 5627 5638 5716 5827 6073 6188 6117 6128 6341 6546 6703 6897 7023 6849 6703 6782 6961 7305 7809 8293 8675 8959 9196 9258 9315 9460 9837 10188 10414 10839 11324 11673 12020 12366 12903 13433 13902 14141 14272 14421 14299 14034 13628 13248 13020 12734 12392 12131 11888 11598 11367 11100 10685 10109 9367 8597 7958 7497 6926 6099 4410 2228 
11985 13113 14223 14848 14952 15108 15223 15300 15300 15300 15300 15300 15300 15300 15300 15300 15300 15166 15049 14937 14486 13684 13009 12289 10964 9368 8226 7354 6775 6285 5917 5513 5260 5132 5036 4965 4933 4894 4837 4838 4916 4985 5061 5114 5213 5295 5493 5704 5766 5866 5958 6036 6073 6133 6171 6270 6508 6839 7391 7909 8222 8257 8340 8599 8923 9279 9611 10090 10488 10816 11259 11752 12331 12894 13439 13681 13960 14278 14352 14228 13923 13470 13177 12847 12560 12357 12097 11742 11508 11191 10747 10219 9609 8918 8269 7780 7234 6447 4697 2373 
12013 13161 14249 14848 14952 15108 15223 15300 15300 15300 15300 15300 15300 15300 15300 15300 15300 15263 15201 14977 14488 13607 12783 11959 10540 8869 7749 6828 6219 5862 5452 4910 4497 4236 4082 4001 3991 3977 3975 4020 4080 4074 3991 3912 3980 4077 4287 4561 4801 4927 5036 5103 5157 5278 5388 5443 5503 5666 6101 6568 6880 6979 7090 7427 7877 8430 9007 9484 9784 10164 10694 11211 11818 12517 13134 13448 13805 14145 14300 14297 14056 13651 13374 12975 12668 12471 12226 11874 11671 11311 10806 10316 9818 9202 8552 8041 7642 7042 5299 2676 
12036 13192 14272 14869 15013 15170 15248 15300 15300 15300 15300 15300 15300 15300 15300 15300 15300 15300 15260 14955 14451 13609 12680 11701 10241 8556 7432 6562 5920 5544 5126 4485 3925 3594 3459 3421 3405 3314 3258 3277 3221 3124 2984 2874 2894 2911 3088 3366 3691 3872 4046 4027 4052 4278 4611 4782 4878 5096 5418 5750 6052 6238 6390 6710 7205 7706 8217 8582 8971 9513 10164 10789 11569 12443 13116 13394 13701 14085 14291 14350 14163 13764 13438 12983 12671 12471 12231 11887 11692 11360 10888 10490 10025 9376 8678 8200 7969 7507 5723 2890 
12291 13293 14220 14800 15078 15289 15296 15300 15300 15300 15300 15300 15300 15300 15300 15300 15300 15300 15260 14914 14416 13614 12620 11508 10084 8534 7363 6420 5608 5131 4706 4149 3641 3361 3226 3110 3081 3019 2971 2935 2765 2577 2454 2405 2455 2441 2466 2561 2751 2928 3171 3267 3316 3499 3789 3943 4102 4419 4871 5336 5625 5794 6006 6316 6633 6922 7245 7591 8038 8503 9049 9876 11061 12215 13045 13405 13729 14117 14317 14358 14237 13842 13477 12983 12671 12471 12231 11887 11692 11394 10967 10614 10139 9493 8817 8381 8137 7661 5828 2942 
12499 13365 14159 14684 15031 15299 15300 15300 15300 15300 15300 15300 15300 15300 15300 15300 15300 15300 15260 14955 14521 13569 12340 11093 9701 8334 7199 6084 5082 4517 4084 3641 3266 3050 2893 2642 2563 2608 2625 2530 2360 2183 2136 2097 2038 1886 1912 1977 2039 2129 2409 2722 2866 3020 3189 3252 3431 3757 4216 4680 4982 5219 5520 5852 6141 6461 6777 7153 7545 7905 8312 9138 10465 11773 12775 13309 13753 14161 14325 14313 14284 13923 13520 12983 12671 12471 12231 11887 11692 11394 10967 10614 10169 9605 9042 8644 8301 7742 5887 2972 
12178 12961 13756 14462 14899 15176 15230 15283 15300 15300 15300 15300 15300 15300 15300 15300 15300 15300 15283 15121 14758 13779 12495 11030 9457 8120 7144 6111 5099 4422 4046 3548 3077 2788 2583 2354 2283 2233 2155 2089 2085 2024 2018 1944 1802 1592 1632 1710 1752 1747 1850 2189 2486 2728 2936 3024 3241 3519 3865 4185 4458 4731 4999 5210 5523 5953 6285 6746 7269 7735 8125 8842 10071 11345 12422 13070 13653 14141 14321 14302 14282 13956 13603 13109 12744 12491 12231 11887 11692 11394 10967 10614 10172 9617 9065 8672 8348 7846 6027 3043 
11731 12525 13389 14205 14663 14905 15089 15241 15300 15300 15300 15300 15300 15300 15300 15300 15300 15300 15300 15251 14946 13980 12762 11310 9670 8150 7056 6139 5378 4737 4232 3502 2804 2404 2178 2016 1905 1762 1629 1650 1765 1766 1792 1742 1616 1458 1474 1552 1592 1551 1527 1738 2038 2357 2671 2830 3063 3289 3573 3832 4091 4392 4685 4861 5113 5470 5751 6210 6726 7215 7806 8652 9817 10963 12140 12959 13636 14137 14321 14302 14282 13982 13680 13231 12814 12510 12231 11887 11692 11394 10967 10614 10172 9617 9065 8672 8367 7892 6082 3070 
10914 11966 13085 13951 14444 14717 14989 15195 15282 15291 15300 15300 15300 15300 15300 15300 15300 15300 15300 15270 14995 14165 13133 11736 10081 8481 7231 6143 5406 4739 4043 3269 2599 2186 1929 1690 1458 1306 1237 1316 1422 1423 1454 1353 1247 1219 1220 1288 1326 1273 1209 1310 1516 1852 2218 2427 2672 2876 3132 3387 3676 4081 4455 4603 4752 4978 5305 5783 6260 6725 7497 8495 9707 10820 11978 12793 13559 14122 14325 14306 14284 13982 13680 13231 12814 12510 12231 11887 11692 11394 10967 10614 10172 9617 9065 8672 8427 8012 6202 3131 
10126 11396 12684 13484 14061 14541 14852 15061 15157 15228 15299 15300 15300 15300 15300 15300 15300 15300 15300 15270 15066 14537 13659 12276 10628 9059 7884 6597 5573 4633 3777 3025 2469 2096 1802 1484 1244 1103 1050 1055 1072 1095 1127 1000 915 913 903 907 928 926 894 965 1150 1508 1911 2183 2459 2676 2942 3238 3578 4054 4441 4546 4687 4931 5251 5708 6199 6687 7370 8236 9412 10585 11798 12642 13493 14158 14436 14427 14344 13982 13680 13232 12825 12531 12249 11895 11692 11394 10967 10614 10172 9617 9065 8672 8457 8071 6262 3161 
9179 10852 12512 13308 13835 14418 14784 14995 15096 15197 15299 15300 15300 15300 15300 15300 15300 15300 15300 15270 15097 14705 13944 12699 11263 9842 8587 7051 5744 4665 3855 3228 2696 2203 1779 1476 1299 1146 1052 963 906 917 906 812 727 694 696 700 734 765 765 836 1029 1405 1800 2038 2282 2562 2886 3182 3449 3851 4205 4334 4533 4834 5069 5451 5995 6619 7347 8150 9355 10617 11827 12604 13430 14165 14514 14511 14385 13982 13680 13235 12884 12646 12350 11940 11692 11394 10967 10614 10172 9617 9065 8672 8457 8071 6262 3161 
7979 10037 12080 13132 13724 14331 14749 14988 15096 15197 15299 15300 15300 15300 15300 15300 15300 15300 15300 15270 15097 14745 14105 12977 11623 10219 8882 7383 6097 4992 4195 3619 3083 2503 1985 1652 1450 1246 1128 1051 999 912 794 751 653 555 590 659 734 765 765 836 1029 1367 1687 1853 2120 2478 2834 3110 3298 3621 3945 4120 4365 4686 4865 5222 5820 6549 7343 8267 9520 10787 11878 12507 13306 14110 14514 14511 14385 13982 13680 13238 12926 12726 12420 11972 11692 11394 10967 10614 10172 9617 9065 8672 8439 8012 6179 3119 
7079 9160 11229 12497 13152 13732 14382 14875 15042 15117 15165 15219 15273 15300 15300 15300 15300 15300 15300 15270 15097 14748 14270 13325 12062 10696 9431 8137 6955 5925 4974 4195 3517 2814 2270 1890 1647 1455 1311 1192 974 905 849 731 627 523 576 654 734 765 765 836 1029 1351 1645 1797 2090 2424 2729 3000 3243 3658 4051 4268 4452 4711 4875 5213 5790 6519 7364 8461 9726 10926 11919 12492 13289 14103 14514 14511 14385 13982 13680 13238 12926 12726 12420 11906 11556 11275 10918 10614 10172 9617 9065 8672 8400 7895 6021 3039 
6372 8332 10278 11716 12527 13125 13880 14628 14926 15020 15045 15147 15248 15300 15300 15300 15300 15300 15300 15270 15097 14749 14322 13504 12472 11192 9987 8818 7687 6721 5843 5019 4144 3382 2818 2285 1845 1587 1416 1262 1014 950 889 731 641 550 598 661 734 765 765 836 1029 1351 1645 1797 2090 2395 2667 2935 3211 3679 4112 4353 4531 4807 5017 5330 5900 6663 7522 8529 9677 10837 11858 12491 13289 14103 14514 14511 14385 13982 13680 13238 12926 12726 12420 11868 11479 11207 10890 10614 10172 9617 9065 8672 8339 7773 5898 2977 
5485 7497 9500 11135 12129 12808 13527 14208 14627 14913 15045 15147 15248 15300 15300 15300 15300 15300 15300 15270 15122 14832 14435 13707 12933 11876 10775 9496 8203 7238 6536 5803 4947 4319 3630 2821 2048 1635 1380 1163 932 902 921 875 814 754 707 693 734 765 765 836 1029 1351 1645 1797 2130 2495 2802 3079 3389 3825 4214 4417 4615 4946 5199 5497 6057 6843 7691 8599 9656 10782 11823 12491 13289 14103 14514 14511 14385 13982 13680 13238 12926 12726 12420 11868 11479 11207 10839 10505 10086 9589 9046 8625 8253 7681 5828 2942 
4603 6662 8708 10452 11557 12379 13205 13808 14317 14759 14999 15096 15175 15227 15263 15300 15300 15300 15300 15270 15148 14921 14631 14032 13337 12372 11417 10343 9284 8374 7602 6726 5928 5306 4514 3672 2950 2401 1922 1430 1065 976 1014 999 932 864 796 779 807 802 765 836 1029 1351 1645 1800 2242 2734 3076 3304 3571 3958 4331 4524 4740 5125 5444 5763 6378 7296 8257 9037 9852 10801 11913 12653 13380 14123 14514 14511 14385 13982 13680 13238 12926 12726 12420 11868 11479 11207 10788 10395 9999 9560 8998 8505 8125 7624 5828 2942 
3994 5936 7866 9556 10703 11698 12686 13323 14018 14569 14913 15010 15051 15102 15200 15299 15300 15300 15300 15270 15148 14923 14686 14220 13640 12831 12099 11179 10280 9376 8568 7737 7118 6356 5478 4652 3973 3219 2617 1967 1587 1338 1258 1144 1100 1038 1036 1070 1097 1034 946 993 1152 1431 1696 1882 2409 2987 3295 3455 3630 3967 4393 4645 4881 5299 5754 6189 6830 7753 8758 9481 10157 10964 12087 12858 13517 14165 14514 14511 14385 13982 13680 13238 12915 12676 12331 11814 11464 11207 10788 10395 9947 9450 8898 8449 8083 7565 5766 2911 
3440 5277 7106 8789 10057 11240 12227 12783 13493 14186 14684 14933 15045 15067 15109 15152 15212 15270 15300 15275 15172 14989 14799 14426 13989 13431 12845 11987 11112 10244 9474 8624 7938 7118 6451 5863 5194 4456 3883 3314 2880 2402 2159 1941 1862 1742 1662 1624 1632 1627 1645 1612 1631 1734 1907 2081 2624 3216 3486 3613 3755 4062 4520 4839 5116 5530 6024 6522 7134 7995 8980 9772 10477 11239 12351 13153 13724 14230 14498 14485 14373 13982 13680 13238 12896 12587 12171 11717 11437 11207 10788 10395 9897 9343 8807 8390 7965 7322 5512 2783 
2945 4645 6335 8050 9481 10727 11642 12180 12905 13731 14416 14855 15045 15045 15045 15045 15128 15210 15262 15277 15282 15225 15068 14718 14282 13795 13339 12632 11998 11404 10689 9721 8906 8203 7745 7132 6467 5903 5297 4708 4160 3648 3358 3165 2929 2678 2466 2337 2267 2257 2325 2239 2203 2233 2412 2569 3035 3510 3738 3854 4015 4426 4933 5305 5705 6211 6680 7109 7583 8264 9152 9977 10744 11519 12634 13427 13937 14301 14424 14365 14317 13925 13567 13124 12838 12586 12171 11717 11437 11207 10788 10395 9897 9313 8717 8207 7769 7107 5356 2705 
2449 4018 5578 7182 8538 9853 10901 11658 12493 13356 14177 14781 15037 15045 15045 15045 15066 15086 15137 15218 15299 15280 15158 14895 14559 14178 13902 13439 12936 12447 11888 11027 10109 9418 8902 8182 7526 7010 6481 5945 5465 5161 4897 4654 4119 3670 3355 3190 3068 3014 3032 2998 3048 3155 3380 3546 3910 4238 4395 4619 5001 5580 6065 6315 6629 7013 7509 8079 8656 9147 9683 10294 11049 11874 12947 13588 14037 14335 14378 14289 14282 13880 13451 12964 12703 12540 12190 11762 11491 11211 10722 10291 9836 9277 8658 8039 7544 6827 5163 2607 
1730 3239 4741 6224 7473 8831 10025 11099 12070 12834 13633 14370 14755 14918 15021 15045 15045 15045 15096 15197 15299 15286 15203 15002 14734 14500 14398 14098 13624 13144 12784 12254 11589 10932 10293 9584 9045 8582 8140 7670 7173 6857 6626 6383 5930 5567 5298 5094 4927 4827 4780 4777 4803 4866 5007 5184 5361 5516 5593 5914 6416 7065 7655 7869 7904 7976 8391 9098 9820 10300 10746 11247 12000 12658 13392 13813 14139 14389 14430 14350 14315 13884 13411 12859 12568 12470 12208 11790 11494 11088 10450 9974 9628 9187 8592 7921 7340 6513 4885 2467 
1245 2656 4059 5310 6459 7685 8834 10210 11466 12236 12984 13678 14180 14641 14953 15041 15043 15045 15095 15194 15294 15297 15299 15244 15030 14795 14646 14409 14049 13598 13360 13174 12947 12512 11935 11301 10902 10622 10234 9762 9280 9005 8821 8665 8569 8497 8404 8226 7983 7774 7659 7653 7685 7733 7809 7951 7956 8089 8257 8442 8668 9205 9791 9949 9862 9890 10250 10810 11362 11767 12208 12631 13178 13519 13854 14131 14368 14553 14574 14457 14289 13822 13386 12859 12568 12470 12200 11752 11355 10829 10183 9743 9433 9059 8478 7778 7086 6128 4520 2283 
973 2167 3354 4441 5556 6778 7963 9448 10698 11532 12371 13190 13777 14319 14710 14919 14980 15037 15064 15101 15139 15204 15267 15298 15268 15193 14920 14622 14431 14197 13899 13636 13480 13323 13189 13018 12754 12473 12198 11935 11652 11513 11383 11261 11245 11245 11200 11097 10954 10853 10808 10805 10831 10889 11000 11142 11192 11346 11587 11794 11971 12222 12444 12424 12416 12628 12920 13123 13303 13466 13702 13995 14171 14290 14454 14649 14772 14813 14690 14447 14150 13684 13293 12823 12562 12470 12163 11646 11084 10451 9917 9663 9421 8966 8288 7425 6567 5613 4171 2108 
583 1522 2460 3348 4433 5607 6908 8479 9783 10797 11683 12538 13323 14061 14520 14813 14931 15032 15045 15045 15045 15123 15200 15251 15275 15295 15194 15082 14969 14841 14711 14508 14283 14163 14103 14062 13951 13811 13712 13666 13614 13584 13520 13457 13446 13446 13404 13328 13272 13272 13272 13272 13272 13259 13297 13448 13589 13628 13700 13835 13972 14047 14139 14119 14080 14151 14239 14363 14462 14486 14529 14619 14682 14758 14889 15029 15045 14997 14778 14457 14081 13565 13168 12751 12513 12401 12057 11512 10871 10150 9658 9435 9190 8647 7899 7059 6242 5327 3986 2015 
346 1045 1742 2473 3450 4455 5755 7382 8808 10031 11019 11946 12817 13678 14161 14523 14831 15032 15045 15045 15045 15061 15076 15127 15213 15299 15300 15300 15210 15113 15096 15042 14917 14844 14743 14674 14669 14664 14661 14661 14661 14661 14661 14661 14661 14661 14661 14661 14661 14661 14661 14661 14661 14584 14489 14533 14649 14674 14677 14682 14687 14687 14764 14775 14688 14636 14636 14725 14802 14802 14802 14802 14802 14831 14937 15045 15045 14997 14736 14363 13927 13448 13099 12730 12455 12264 11822 11276 10679 9981 9504 9194 8836 8189 7363 6623 5869 4949 3642 1842 
108 657 1204 1867 2840 3795 4814 5988 7299 8982 10424 11327 11956 12654 13315 14010 14569 14895 14960 15004 15045 15045 15045 15073 15128 15183 15230 15276 15291 15281 15279 15279 15279 15275 15265 15258 15258 15258 15258 15258 15258 15258 15258 15258 15258 15258 15258 15258 15258 15258 15258 15258 15258 15240 15215 15209 15219 15222 15222 15222 15222 15222 15230 15151 15040 14988 14988 14988 14988 14988 14988 14988 14988 14995 15020 15017 14961 14898 14659 14293 13824 13342 12990 12603 12303 12081 11593 11000 10365 9701 9296 8955 8485 7823 6973 6192 5234 4045 2731 1383 
0 295 590 1296 2328 3214 4015 4921 6032 7675 9288 10250 10845 11498 12406 13350 14069 14600 14826 14949 15045 15045 15045 15045 15045 15045 15140 15235 15286 15293 15300 15300 15300 15300 15300 15300 15300 15300 15300 15300 15300 15300 15300 15300 15300 15300 15300 15300 15300 15300 15300 15300 15300 15300 15300 15300 15300 15300 15300 15300 15300 15300 15300 15211 15097 15045 15045 15045 15045 15045 15045 15045 15045 15045 15045 14983 14797 14657 14477 14217 13790 13251 12861 12356 11831 11458 11201 10883 10314 9466 8849 8445 7965 7276 6589 5904 4782 3336 2029 1029 
0 191 381 967 1695 2323 3010 3794 4753 6290 8011 9120 9950 10784 11792 12695 13366 13960 14503 14869 15031 15045 15045 15045 15045 15045 15078 15110 15161 15230 15299 15300 15300 15300 15300 15300 15300 15300 15300 15300 15300 15300 15300 15300 15300 15300 15300 15300 15300 15300 15300 15300 15300 15300 15300 15300 15300 15300 15300 15300 15300 15268 15236 15165 15083 15045 15045 15045 15045 15045 15045 15045 15045 15045 15045 14963 14718 14520 14289 13981 13434 12855 12461 11975 11424 10993 10817 10535 10027 9149 8341 7858 7368 6680 6026 5384 4356 2926 1612 812 
0 191 381 801 1198 1526 2000 2605 3613 4988 6294 7405 8655 9849 10909 11771 12406 13005 13775 14488 14855 14980 15023 15045 15045 15045 15045 15045 15081 15153 15226 15256 15285 15300 15300 15300 15300 15300 15300 15300 15300 15300 15300 15300 15300 15300 15300 15300 15300 15300 15300 15300 15300 15300 15300 15300 15300 15300 15300 15300 15300 15204 15109 15072 15054 15045 15045 15045 15045 15045 15045 15045 15045 15040 15033 14917 14600 14326 14075 13762 13186 12570 12087 11584 11151 10821 10410 9777 9260 8647 7965 7505 6992 6242 5304 4396 3501 2307 1172 584 
0 156 310 496 636 909 1344 1804 2653 3599 4338 5464 6971 8381 9392 10297 11209 12028 12814 13594 14202 14678 14935 15045 15045 15045 15045 15045 15050 15060 15071 15163 15253 15300 15300 15300 15300 15300 15300 15300 15300 15300 15300 15300 15300 15300 15300 15300 15300 15300 15300 15300 15300 15300 15300 15300 15300 15300 15300 15300 15300 15185 15071 15045 15045 15045 15045 15045 15045 15045 15045 15045 15025 14943 14836 14714 14404 14071 13752 13357 12745 12122 11728 11305 10864 10420 9805 9105 8555 7936 7282 6845 6405 5670 4528 3410 2624 1646 763 377 
0 83 165 231 341 579 877 1202 1780 2438 3057 4021 5234 6513 7775 8809 9582 10441 11366 12152 13002 13896 14442 14683 14840 14974 15045 15045 15045 15045 15045 15095 15145 15196 15248 15299 15300 15300 15300 15300 15300 15300 15300 15300 15300 15300 15300 15300 15300 15300 15300 15300 15300 15300 15300 15300 15300 15300 15300 15300 15300 15185 15071 15045 15045 15045 15045 15045 15045 15045 15045 15032 14967 14797 14584 14430 14163 13725 13119 12478 12012 11613 11313 10798 10191 9662 9072 8494 7947 7329 6649 6126 5613 4903 3835 2759 1949 1039 353 173 
0 25 49 112 279 454 538 707 1166 1673 2219 2988 3761 4651 5874 6845 7621 8603 9752 10735 11736 12706 13410 13879 14356 14648 14847 14938 14984 15002 15020 15037 15045 15090 15179 15269 15282 15294 15300 15300 15300 15300 15300 15300 15300 15300 15300 15300 15300 15300 15300 15300 15300 15300 15300 15300 15300 15300 15300 15300 15300 15185 15071 15045 15045 15045 15045 15045 15045 15025 14979 14857 14706 14548 14344 14002 13517 12906 12301 11807 11443 11042 10622 10037 9399 8833 8287 7773 7268 6774 6217 5606 4882 4112 3144 2089 1213 450 39 19 
0 0 0 47 202 357 448 527 739 1051 1516 2116 2688 3462 4464 5256 6196 7185 8087 9121 10155 11070 12013 12827 13512 13866 14264 14593 14772 14867 14944 15014 15045 15059 15087 15114 15189 15262 15300 15300 15300 15300 15300 15300 15300 15300 15300 15300 15300 15300 15300 15300 15300 15300 15300 15300 15300 15300 15298 15289 15280 15174 15069 15045 15045 15045 15043 15036 15029 14966 14858 14569 14191 13909 13686 13186 12477 11893 11592 11337 10891 10318 9590 8905 8293 7776 7435 7022 6506 6020 5552 4884 3985 3109 2168 1178 511 136 0 0 
0 0 0 13 65 116 239 396 588 762 1003 1377 1841 2493 3278 3953 4881 5825 6607 7528 8520 9335 10174 11070 11877 12443 12998 13646 14179 14499 14664 14797 14911 14985 15035 15045 15112 15179 15213 15213 15213 15248 15282 15300 15300 15300 15300 15300 15300 15300 15300 15300 15300 15300 15300 15300 15300 15300 15284 15211 15138 15096 15054 15045 15045 15045 15029 14972 14889 14685 14453 14138 13602 13060 12703 12287 11729 11203 10793 10429 9787 9269 8680 8065 7455 6953 6585 6169 5549 4847 4188 3477 2763 2000 1150 457 134 19 0 0 
0 0 0 0 0 0 92 251 414 536 770 1065 1385 1845 2347 2716 3238 3960 4843 5907 6762 7288 8015 9063 10104 10843 11330 12126 13008 13575 13866 14109 14369 14591 14784 14911 15002 15054 15058 15058 15058 15155 15251 15300 15300 15300 15300 15300 15300 15300 15300 15300 15300 15300 15300 15300 15290 15267 15229 15138 15046 15045 15045 15043 15019 14966 14898 14826 14619 14131 13465 13000 12607 12239 11935 11601 11013 10283 9621 9156 8694 8270 7822 7419 6837 6210 5678 5206 4489 3640 2939 2294 1529 765 293 95 31 0 0 0 
0 0 0 0 0 0 37 140 279 425 632 800 993 1285 1643 1867 2128 2571 3252 4068 4674 5222 6093 7141 8222 9062 9603 10219 10971 11703 12274 12766 13102 13444 13807 14144 14477 14752 14830 14870 14873 14971 15069 15166 15229 15295 15300 15300 15300 15300 15300 15300 15300 15300 15300 15300 15261 15175 15101 15073 15045 15040 15028 14980 14836 14573 14310 14188 13964 13377 12493 11748 11351 11001 10573 10087 9610 9178 8643 8031 7533 7185 6880 6475 5818 5142 4552 3940 3260 2608 2013 1403 805 275 52 11 4 0 0 0 
0 0 0 0 0 0 17 79 169 264 325 346 460 635 915 1188 1468 1677 2065 2553 2949 3494 4272 5203 6271 7052 7546 8021 8585 9335 10149 10897 11298 11740 12234 12693 13136 13530 13697 13804 13865 14016 14198 14396 14649 14884 14978 15008 15054 15121 15229 15283 15300 15300 15276 15240 15167 15073 14977 14932 14905 14850 14765 14614 14375 13947 13354 12863 12448 11888 11297 10778 10270 9626 8973 8313 7976 7841 7618 7181 6624 6174 5689 4993 4337 3783 3168 2445 1821 1396 952 516 264 67 6 0 0 0 0 0 
0 0 0 0 0 0 3 14 28 41 47 47 112 220 363 473 578 710 1044 1572 2130 2455 2866 3545 4278 4616 4803 5057 5528 6363 7498 8416 8853 9259 9841 10520 11101 11608 11909 12092 12252 12530 12874 13168 13474 13714 13922 14048 14179 14395 14785 15079 15208 15225 15158 15058 14916 14823 14711 14557 14425 14238 14000 13657 13302 12848 12234 11423 10558 9785 9358 9120 8663 7972 7397 6811 6408 6105 5920 5640 5229 4716 3979 3186 2726 2283 1612 952 490 284 174 75 32 3 0 0 0 0 0 0 
0 0 0 0 0 0 0 0 0 0 0 0 29 78 129 143 149 221 418 752 1139 1286 1434 1772 2117 2240 2301 2401 2682 3274 4062 4627 4872 5092 5444 5893 6274 6613 6825 6939 7042 7223 7440 7612 7759 7865 7997 8093 8179 8331 8615 8877 9010 9032 8990 8926 8827 8765 8698 8575 8449 8300 8129 7887 7645 7379 7064 6575 5971 5426 5156 5047 4772 4364 4053 3747 3489 3242 3114 2965 2755 2454 2004 1538 1289 1042 647 296 76 0 0 0 0 0 0 0 0 0 0 0 
