60
0
100
100
0 0 0 0 0 0 0 0 0 0 0 0 0 0 0 0 0 0 0 30 152 416 677 765 765 892 1278 1633 1784 2205 2726 3192 3599 4169 5001 6011 7155 8345 8907 9143 9382 9719 10026 10015 9947 9894 10086 10253 10383 10495 10709 10801 10689 10658 10359 9808 9253 9038 8991 8839 8518 7964 7185 6290 5522 4785 4123 3615 3265 2939 2704 2500 2063 1506 1159 1021 1020 985 776 475 206 0 0 0 0 63 178 217 103 0 0 0 0 0 0 0 0 0 0 0 
0 0 0 0 0 0 0 0 0 0 0 0 0 63 146 203 282 368 467 583 692 968 1338 1571 1836 2276 2862 3483 3990 4702 5663 6563 7293 7973 8597 9332 10003 10655 11067 11445 11796 12137 12500 12786 12867 12958 13204 13421 13528 13561 13478 13267 13090 12911 12624 12176 11698 11450 11350 11253 11008 10661 10226 9582 8783 8179 7659 7216 6856 6327 5788 5425 4959 4279 3561 3104 2878 2741 2372 1871 1406 1242 1239 1204 1111 939 746 561 374 319 319 319 319 286 175 40 0 0 0 0 
0 0 0 0 0 0 0 0 0 35 78 87 87 167 292 405 597 806 1018 1248 1523 1985 2489 2888 3362 4131 5077 6010 6802 7650 8651 9516 10133 10683 11157 11663 12027 12429 12881 13347 13682 13997 14327 14641 14765 14863 15042 15222 15300 15287 15127 14874 14745 14558 14318 14036 13705 13473 13350 13242 13027 12767 12508 12096 11462 10993 10633 10326 9904 9293 8672 8223 7800 7192 6364 5490 4951 4681 4159 3448 2820 2576 2529 2392 2191 1913 1581 1227 959 863 775 680 622 551 412 215 89 34 0 0 
0 0 0 0 0 0 0 1 2 105 229 255 255 314 482 680 979 1340 1773 2161 2826 3718 4454 5089 5792 6738 8005 9216 10168 10851 11278 11624 11862 12202 12621 12937 13118 13488 13988 14340 14508 14758 15045 15187 15248 15248 15257 15280 15300 15299 15294 15264 15238 15144 15020 14950 14807 14665 14631 14500 14315 14106 13994 13874 13557 13159 12817 12533 12094 11677 11216 10681 10305 9964 9312 8016 7069 6555 6000 5209 4563 4084 3916 3598 3291 3069 2784 2346 2000 1704 1400 1077 888 768 722 578 317 123 0 0 
0 0 0 0 0 0 0 75 159 207 284 374 462 551 863 1410 1927 2482 3186 3904 4814 5654 6650 7667 8651 9486 10222 10855 11390 11846 12231 12675 13052 13389 13729 13962 14095 14329 14620 14871 15010 15078 15188 15266 15300 15300 15300 15300 15300 15300 15300 15300 15300 15242 15171 15116 15034 14969 14891 14737 14631 14539 14523 14503 14378 14135 13838 13588 13326 13043 12580 12006 11580 11427 11139 10465 9632 8766 8189 7586 6771 6107 5795 5274 4541 3865 3330 3018 2876 2529 2153 1815 1543 1340 1161 929 644 405 222 112 
0 0 0 0 0 40 83 160 241 275 463 764 1006 1205 1569 2322 3178 4064 5029 6041 7004 7743 8695 9795 10790 11608 12126 12447 12675 12847 13094 13449 13895 14228 14388 14484 14613 14782 15019 15214 15299 15300 15300 15300 15300 15300 15300 15300 15300 15300 15300 15300 15300 15300 15300 15224 15107 15045 14975 14888 14828 14775 14764 14764 14753 14637 14413 14206 14075 13868 13434 12949 12577 12480 12315 11882 11297 10604 10116 9741 9022 8273 7662 6851 5873 5088 4629 4338 4099 3743 3320 2901 2483 2147 1724 1292 999 778 512 249 
0 0 0 2 5 118 239 266 366 592 884 1242 1706 2277 2975 3933 4947 5992 7001 7991 8978 10092 10912 11544 11959 12309 12770 13319 13780 13922 14050 14205 14444 14683 14755 14779 14913 15106 15246 15294 15300 15300 15300 15300 15300 15300 15300 15300 15300 15300 15300 15300 15300 15300 15300 15269 15222 15164 15094 15045 14945 14823 14795 14795 14788 14736 14662 14588 14525 14427 14186 13705 13233 13077 12871 12500 12281 12104 11796 11378 10969 10330 9404 8477 7776 7222 6653 5843 5169 4757 4344 3806 3387 3079 2529 1955 1539 1161 724 350 
0 0 0 83 168 218 275 321 562 1140 1734 2138 2849 3911 4989 5885 6800 7822 8807 9716 10762 11709 12361 12802 13044 13197 13404 13839 14348 14561 14604 14651 14730 14817 14899 15005 15161 15278 15300 15300 15300 15300 15300 15300 15300 15300 15300 15300 15300 15300 15300 15300 15300 15300 15300 15300 15300 15255 15161 15089 15034 14974 14965 14965 14902 14817 14790 14762 14675 14589 14409 14030 13620 13407 13081 12761 12702 12638 12383 11959 11763 11520 11028 10452 10013 9483 8656 7638 6808 6166 5681 5005 4401 3994 3313 2572 2027 1576 1121 578 
0 0 0 120 244 292 442 717 1009 1601 2499 3317 4429 5682 6815 7686 8645 9695 10678 11410 12023 12509 13005 13366 13667 13939 14180 14372 14606 14776 14846 14949 15048 15105 15147 15216 15277 15300 15300 15300 15300 15300 15300 15300 15300 15300 15300 15300 15300 15300 15300 15300 15300 15300 15300 15300 15300 15289 15265 15220 15127 15045 15045 15045 14986 14907 14882 14871 14838 14804 14650 14341 14005 13692 13269 12943 12856 12744 12550 12362 12421 12481 12226 11660 11150 10646 10003 9338 8574 7893 7351 6570 5729 5041 4146 3374 2776 2138 1512 780 
0 3 7 149 323 454 663 1111 1598 2396 3665 4931 6326 7555 8633 9519 10477 11281 11874 12389 12838 13214 13535 13871 14181 14387 14625 14750 14785 14860 15013 15175 15257 15300 15300 15300 15300 15300 15300 15300 15300 15300 15300 15300 15300 15300 15300 15300 15300 15300 15300 15300 15300 15300 15300 15300 15300 15300 15300 15279 15209 15141 15094 15047 15045 15045 15045 15045 15045 15045 14880 14517 14158 13879 13521 13177 12968 12753 12595 12511 12658 12687 12557 12314 12017 11597 11165 10660 9791 8999 8380 7656 7006 6389 5580 4670 3723 2837 2047 1049 
0 87 174 289 485 756 1088 1820 2856 4034 5629 6978 8181 9261 10160 10851 11548 12162 12591 13038 13511 13880 14144 14390 14534 14661 14852 14986 14993 15083 15222 15297 15300 15300 15300 15300 15300 15300 15300 15300 15300 15300 15300 15300 15300 15300 15300 15300 15300 15300 15300 15300 15300 15300 15300 15300 15300 15300 15300 15300 15300 15285 15168 15051 15045 15045 15045 15045 14995 14914 14818 14674 14429 14128 13771 13352 13101 12929 12861 12702 12733 12726 12819 12936 12923 12753 12496 11940 10974 10220 9719 9118 8528 7962 7343 6221 4862 3818 2910 1482 
0 180 358 464 701 1195 1842 2954 4551 5896 7328 8565 9491 10290 10951 11588 12287 12936 13466 13807 14083 14340 14612 14831 14887 14945 15005 15109 15179 15232 15279 15300 15300 15300 15300 15300 15300 15300 15300 15300 15300 15300 15300 15300 15300 15300 15300 15300 15300 15300 15300 15300 15300 15300 15300 15300 15300 15300 15300 15300 15300 15294 15247 15200 15130 15061 15002 14947 14888 14826 14790 14737 14562 14279 13903 13439 13322 13335 13269 12951 12866 12916 13208 13550 13795 13843 13725 13411 12920 12327 11682 11043 10310 9542 8657 7477 6128 4806 3532 1795 
0 237 486 773 1232 2110 3265 4443 6005 7375 8609 9655 10361 11167 11893 12503 13159 13645 14075 14343 14586 14733 14787 14905 15003 15071 15094 15181 15275 15300 15300 15300 15300 15300 15300 15300 15300 15300 15300 15300 15300 15300 15281 15253 15239 15239 15239 15239 15239 15239 15239 15239 15239 15239 15239 15239 15239 15239 15239 15239 15239 15239 15239 15239 15149 15056 14946 14834 14790 14790 14790 14737 14613 14377 13961 13466 13535 13708 13634 13301 13201 13344 13830 14251 14445 14481 14452 14314 14106 13688 13115 12635 12162 11324 10059 8684 7346 5948 4505 2286 
0 242 503 960 1720 3022 4726 6144 7428 8667 9663 10553 11151 11892 12630 13112 13637 14076 14447 14684 14913 15004 15004 15018 15045 15147 15235 15217 15202 15208 15208 15208 15208 15208 15208 15208 15208 15208 15195 15183 15191 15202 15126 15010 14953 14953 14953 14953 14953 14953 14953 14953 14953 14953 14896 14868 14957 15034 15045 15045 15045 15045 15045 15045 15022 14998 14920 14827 14790 14777 14741 14681 14611 14482 14220 13915 13975 13948 13835 13665 13662 13831 14202 14478 14535 14535 14535 14514 14424 14118 13728 13428 13049 12325 11393 10423 9035 7383 5547 2799 
163 474 800 1540 2559 4148 6157 7711 8616 9487 10420 11507 12223 12630 13183 13686 14074 14421 14787 14979 15041 15045 15057 15078 15080 15117 15155 15024 14923 14903 14856 14845 14805 14650 14526 14393 14302 14268 14047 13731 13676 13682 13622 13558 13514 13408 13237 13135 13126 13151 13177 13117 13066 13027 12964 13010 13222 13380 13477 13573 13649 13824 14010 14135 14278 14497 14587 14573 14582 14592 14514 14463 14478 14492 14410 14198 14106 14105 14112 14074 14138 14264 14482 14652 14635 14601 14601 14601 14581 14414 14179 13909 13484 12979 12502 11777 10378 8894 7034 3564 
471 1004 1524 2592 3911 5504 7470 8924 9683 10430 11328 12220 12847 13275 13820 14240 14496 14732 14966 15045 15045 15042 15066 15114 15104 14944 14749 14627 14591 14467 14278 14211 14101 13718 13319 12985 12746 12577 12256 11688 11281 10981 10726 10515 10342 10088 9750 9550 9559 9579 9621 9595 9612 9588 9478 9398 9580 9880 10275 10652 10935 11321 11741 12053 12407 12787 13102 13320 13508 13701 13841 13902 13929 14011 14145 14136 14102 14259 14425 14535 14637 14662 14715 14860 14835 14751 14751 14751 14751 14717 14611 14343 13951 13578 13090 12307 11157 10159 8466 4302 
510 1273 2012 3624 5525 7129 8609 9698 10605 11629 12447 12961 13387 13689 14095 14555 14883 15007 15037 15045 15075 15092 15067 14998 14935 14852 14637 14401 14251 13917 13550 13249 12846 12459 12053 11603 11063 10599 10112 9421 8778 8445 8226 8026 7616 7234 7072 6981 6908 6770 6807 7050 7098 7061 7085 7066 7102 7206 7512 7845 8106 8462 9117 9665 10176 10683 11056 11384 11724 12087 12458 12619 12748 13034 13455 13791 13902 14172 14464 14695 14951 15127 15061 15018 14974 14942 14942 14942 14942 14942 14830 14561 14254 14007 13492 12707 11712 10856 9058 4599 
671 1744 2794 4710 6809 8386 9603 10551 11514 12457 13123 13510 13824 14102 14490 14851 15018 15045 15059 15051 15058 15065 15027 14902 14788 14746 14526 14072 13712 13436 12917 12171 11417 10958 10573 10067 9280 8412 7565 6756 6153 5865 5536 5326 5033 4736 4651 4504 4343 4165 4221 4480 4557 4642 4897 5072 5096 5125 5328 5586 5819 6183 6838 7381 7791 8318 8779 9188 9663 10108 10446 10638 10856 11634 12645 13378 13660 14062 14493 14837 15095 15294 15272 15196 15128 15080 15045 15045 15045 15045 14895 14599 14321 14132 13750 13122 12100 11071 9095 4618 
1121 2684 4227 6101 7908 9250 10354 11304 12111 12844 13440 13811 14167 14525 14809 14994 15045 15045 15102 15116 15056 14944 14831 14766 14599 14312 14013 13477 12864 12324 11573 10800 10128 9614 9146 8500 7516 6530 5638 4963 4582 4307 3860 3488 3176 2766 2604 2507 2448 2340 2341 2298 2264 2409 2641 2870 3019 3151 3297 3432 3608 3882 4189 4481 4886 5454 6123 6697 7381 8113 8739 9213 9658 10662 11885 12909 13471 14031 14444 14777 15007 15184 15257 15300 15259 15135 15045 15045 15045 15045 14906 14601 14344 14224 13845 13174 12275 11446 9447 4794 
1585 3764 5938 7667 8933 9828 10930 12064 12708 13186 13657 14079 14496 14822 14969 15040 15082 15128 15189 15136 14959 14824 14715 14553 14224 13647 13120 12693 12166 11381 10400 9638 9122 8402 7550 6665 5822 5043 4200 3560 3145 2781 2413 2202 2010 1674 1436 1383 1348 1236 1143 1024 1113 1373 1616 1806 1926 1962 2013 2151 2359 2598 2854 3127 3539 4009 4463 4974 5780 6724 7384 8153 9002 10179 11356 12410 13123 13848 14363 14816 15053 15167 15249 15300 15259 15135 15045 15045 15045 15045 14959 14727 14478 14305 13905 13275 12476 11721 9632 4889 
1887 4387 6884 8680 9932 10836 11751 12693 13161 13541 13915 14319 14711 14967 15030 15045 15137 15253 15300 15155 14894 14721 14499 14073 13520 12946 12308 11668 11035 10260 9347 8568 8032 7233 6204 5082 4160 3458 2845 2271 1921 1704 1559 1390 1204 1024 873 793 745 618 536 516 704 944 1139 1304 1417 1523 1677 1862 2040 2182 2359 2546 2772 3063 3487 4189 5105 5997 6516 7556 8668 9872 10998 12034 12784 13400 13966 14658 15133 15299 15300 15300 15275 15201 15133 15083 15045 15045 14994 14817 14567 14340 14021 13625 12940 11982 9580 4858 
2555 4979 7403 9127 10505 11628 12440 13126 13504 13954 14353 14615 14843 15006 15112 15182 15234 15281 15300 15136 14786 14524 14283 13744 12969 12361 11733 10792 9765 8991 8182 7252 6380 5530 4594 3669 2852 2321 1979 1535 1191 1009 942 781 600 497 431 399 425 435 464 481 543 611 759 958 1067 1208 1379 1550 1755 1884 1959 2086 2286 2559 2998 3747 4604 5382 6004 7143 8333 9571 10616 11611 12551 13483 14163 14699 15105 15292 15300 15300 15300 15300 15265 15140 15045 15045 14994 14821 14578 14349 14006 13614 13031 12088 9602 4863 
3852 5915 7996 9497 10802 11970 12771 13374 13660 14110 14583 14793 14918 15056 15185 15279 15300 15300 15300 15125 14694 14219 13637 12897 12177 11601 10869 9764 8747 7950 7091 6191 5206 4145 3121 2434 2032 1680 1392 1003 646 476 389 294 232 219 214 235 272 294 317 386 455 510 545 601 632 701 795 983 1354 1708 1866 2051 2262 2568 2961 3463 3975 4656 5695 6979 8294 9693 10767 11498 12379 13580 14319 14659 14971 15244 15300 15300 15300 15300 15265 15140 15045 15045 14994 14858 14687 14479 14001 13433 12797 11814 9300 4703 
4985 6847 8734 10105 11290 12394 13061 13535 13776 14160 14594 14802 14997 15204 15271 15295 15300 15274 15198 15019 14597 13839 12888 12042 11375 10643 9775 8838 7936 6864 5887 5022 4156 3196 2330 1795 1474 1114 839 643 436 291 209 104 51 52 84 177 255 255 255 316 376 430 461 492 510 548 614 741 1080 1503 1807 2153 2461 2732 2979 3326 3852 4613 5765 6990 8413 9787 10802 11523 12459 13634 14387 14836 15078 15270 15300 15300 15300 15300 15265 15140 15045 15045 15007 14917 14795 14596 14077 13413 12691 11659 9073 4562 
5762 7624 9513 10842 11994 12991 13490 13973 14329 14561 14772 14901 15073 15257 15300 15300 15300 15254 15117 14936 14537 13698 12670 11746 10833 9843 8868 7961 7089 6112 5253 4285 3219 2345 1717 1204 804 593 436 378 276 170 105 34 0 0 25 94 161 208 255 263 270 294 379 462 510 515 533 603 936 1360 1791 2247 2603 2794 2922 3209 3812 4592 5669 6889 8523 10121 11344 12295 13153 14011 14649 15117 15255 15300 15300 15300 15300 15300 15265 15140 15045 15045 15039 15024 14953 14684 14011 13244 12569 11667 9118 4578 
6693 8429 10149 11369 12453 13282 13671 14213 14645 14824 14942 15045 15147 15261 15300 15300 15300 15254 15117 14897 14346 13394 12397 11476 10258 8920 7768 6760 5829 4928 4115 3348 2536 1845 1317 823 502 400 303 256 153 36 0 0 0 0 0 0 20 137 255 255 255 265 311 357 383 383 408 543 943 1398 1861 2173 2410 2526 2718 3135 3875 4779 5892 7050 8570 10108 11564 12889 13722 14290 14795 15212 15300 15300 15300 15300 15300 15300 15265 15140 15045 15045 15045 15045 14959 14603 13870 13195 12628 11590 8918 4484 
7480 9194 10841 11908 12723 13384 13749 14289 14754 14956 15004 15045 15147 15261 15300 15300 15300 15254 15072 14565 13695 12672 11696 10939 9833 8471 7212 5997 4932 4102 3202 2484 1916 1409 1004 625 363 316 203 112 62 14 0 0 0 0 0 0 8 55 103 173 242 255 255 269 359 495 621 812 1231 1586 1919 2108 2274 2355 2626 3164 4055 5241 6526 7471 8756 10372 11789 13006 13846 14329 14762 15182 15282 15296 15300 15300 15300 15300 15265 15140 15045 15045 15045 15045 14901 14481 13827 13197 12430 11314 8737 4396 
8255 9905 11478 12458 13102 13743 14121 14508 14851 15045 15045 15045 15147 15261 15300 15300 15300 15254 15051 14418 13417 12353 11284 10437 9463 8301 7076 5833 4746 3830 2679 1821 1405 1105 812 491 227 200 107 13 0 0 0 0 0 0 0 0 0 0 0 94 187 212 239 309 481 698 913 1162 1537 1836 2151 2297 2465 2624 2933 3423 4341 5697 7189 8284 9440 10796 12014 12923 13713 14271 14663 15024 15187 15277 15300 15300 15300 15300 15268 15154 15068 15068 15068 15068 14905 14464 13714 12900 12085 11164 8754 4401 
8618 10476 12255 13121 13491 13992 14359 14634 14878 15045 15045 15045 15147 15261 15300 15300 15300 15254 15051 14349 13164 12021 11003 10080 8911 7622 6550 5443 4290 3304 2311 1583 1233 1008 802 577 333 238 210 186 183 183 183 183 183 183 183 183 183 183 183 207 231 280 414 627 821 941 1090 1331 1656 1882 2201 2400 2605 2893 3277 3793 4812 6303 7727 8902 10132 11263 12210 13036 13942 14523 14748 14957 15147 15269 15300 15300 15300 15300 15292 15261 15238 15238 15238 15198 14994 14594 13770 12771 11938 11107 8740 4394 
8740 10709 12598 13392 13605 14042 14457 14726 14914 15045 15045 15045 15147 15261 15300 15300 15300 15254 15050 14325 13017 11847 10819 9702 8325 6955 5923 4928 3726 2707 2043 1606 1293 1042 899 813 686 536 471 471 471 471 471 471 471 471 471 471 471 471 471 496 563 668 811 988 1134 1253 1416 1589 1842 2016 2198 2335 2556 2909 3389 4093 5419 7147 8498 9512 10710 11686 12371 13096 13999 14564 14763 14957 15147 15269 15300 15300 15300 15300 15300 15300 15300 15300 15300 15165 14868 14560 13780 12733 11911 11013 8573 4310 
9279 11065 12797 13559 13727 14120 14562 14821 14949 15042 15045 15045 15147 15261 15300 15300 15300 15281 15082 14288 13065 11885 10591 9340 8083 6705 5489 4517 3400 2310 1642 1285 1147 1020 883 790 759 691 627 581 535 535 535 535 535 535 535 535 535 535 535 620 808 968 1058 1121 1177 1246 1392 1544 1794 2012 2218 2405 2722 3155 3774 4615 5849 7426 8879 9900 10954 11859 12507 13150 14007 14564 14830 15097 15238 15288 15300 15300 15300 15300 15300 15300 15300 15300 15300 15128 14802 14520 13772 12700 11849 10955 8560 4310 
9837 11492 13104 13886 14110 14310 14512 14651 14853 15019 15045 15045 15147 15261 15300 15300 15300 15300 15122 14383 13358 12220 10742 9466 8279 6751 5273 4211 3289 2330 1651 1290 1211 1144 1028 935 935 935 912 807 701 691 682 680 680 680 680 680 680 687 756 932 1095 1191 1280 1396 1505 1554 1632 1768 1974 2224 2537 2793 3030 3465 4273 5313 6485 7781 8989 9889 10868 11802 12518 13232 14068 14564 14875 15191 15300 15300 15300 15300 15300 15300 15300 15300 15300 15300 15300 15117 14745 14416 13692 12529 11441 10570 8355 4218 
9945 11610 13234 13987 14228 14399 14568 14704 14883 15026 15045 15045 15147 15261 15300 15300 15294 15283 15111 14446 13542 12451 11041 9872 8575 6849 5313 4187 3225 2313 1693 1362 1260 1187 1094 1020 1020 1020 1014 986 958 871 785 765 765 778 800 816 816 825 918 1117 1311 1439 1487 1547 1691 1860 1959 2122 2286 2549 2940 3356 3768 4235 4957 5981 7191 8326 9330 10321 11361 12223 12959 13602 14211 14569 14875 15191 15300 15300 15300 15300 15300 15300 15300 15300 15300 15279 15256 15068 14572 14065 13436 12332 11141 10264 8112 4096 
9923 11548 13132 13905 14199 14420 14651 14846 14963 15045 15045 15045 15102 15167 15222 15272 15245 15131 15012 14454 13583 12653 11499 10306 8757 6958 5380 4147 3179 2390 1819 1468 1273 1174 1151 1132 1132 1132 1132 1132 1132 1067 1003 989 989 1039 1131 1192 1211 1265 1339 1419 1535 1620 1642 1697 1893 2262 2532 2804 3001 3247 3525 3959 4587 5090 5710 6742 7927 8909 9823 10912 11982 12689 13389 14010 14477 14677 14902 15191 15300 15300 15300 15300 15300 15300 15300 15300 15300 15120 14927 14799 14300 13671 13131 12167 11006 10132 8007 4043 
9722 11423 13074 13860 14177 14420 14651 14846 14963 15045 15045 15045 15045 15045 15121 15235 15229 15081 14979 14471 13670 12814 11645 10336 8809 7287 5701 4389 3477 2794 2257 1822 1480 1301 1285 1285 1285 1285 1285 1285 1285 1285 1285 1320 1366 1425 1494 1540 1578 1681 1784 1785 1801 1875 1967 2065 2257 2765 3235 3553 3846 4160 4416 4758 5219 5697 6331 7276 8527 9635 10494 11495 12427 12892 13446 14150 14685 14809 14943 15193 15300 15300 15300 15300 15300 15300 15300 15300 15300 15007 14620 14386 14035 13568 13044 12057 10838 9945 7835 3957 
9665 11350 12977 13811 14229 14481 14663 14846 14963 15045 15045 15045 15045 15045 15121 15235 15229 15081 14979 14506 13761 12912 11805 10651 9335 8122 6664 5347 4304 3508 2957 2386 1833 1494 1427 1427 1427 1427 1427 1427 1427 1427 1427 1516 1630 1682 1682 1682 1698 1742 1785 1785 1915 2264 2634 2826 2960 3291 3729 4069 4374 4608 4904 5254 5602 6155 7062 8021 9269 10476 11276 12163 12925 13144 13476 14150 14762 14990 15077 15224 15300 15300 15300 15300 15300 15300 15300 15234 15165 14841 14396 14074 13835 13521 13005 12022 10754 9636 7378 3724 
9152 10925 12643 13638 14246 14520 14643 14816 14946 15041 15045 15045 15045 15045 15085 15144 15132 15038 14972 14528 13851 13021 11935 10954 9846 8611 7269 6141 5085 4367 3830 3081 2378 1969 1846 1790 1764 1764 1779 1847 1916 1916 1916 1952 1998 2019 2019 2025 2038 2075 2126 2175 2413 2851 3310 3584 3729 3980 4366 4665 4856 5076 5454 5853 6339 7030 7963 8985 10179 11333 12016 12566 13049 13296 13616 14135 14670 15081 15263 15293 15300 15300 15300 15300 15300 15300 15300 15089 14865 14541 14213 14034 13807 13409 12809 11886 10692 9434 7108 3586 
8218 10175 12103 13310 14016 14331 14473 14646 14850 15018 15045 15045 15045 15045 15045 15045 15025 14991 14956 14543 13966 13214 12104 10998 9806 8782 7883 6900 5947 5408 4912 4274 3715 3304 3019 2784 2707 2670 2647 2701 2793 2789 2783 2782 2782 2782 2782 2824 2910 3037 3138 3283 3466 3710 4048 4371 4602 4769 4902 5081 5372 5797 6120 6504 7297 8446 9461 10409 11206 11856 12296 12723 13190 13583 13879 14157 14535 15001 15269 15300 15300 15300 15300 15300 15300 15300 15300 15069 14822 14495 14180 14025 13801 13383 12725 11785 10656 9482 7214 3640 
7474 9314 11134 12592 13512 13962 14256 14495 14769 15006 15045 15045 15045 15045 15045 15045 15025 14991 14988 14678 14184 13530 12501 11421 10337 9417 8628 7840 7100 6586 6054 5645 5144 4647 4295 4076 4024 3930 3832 3772 3796 3716 3635 3613 3610 3649 3703 3764 3831 3962 4138 4426 4621 4765 5023 5293 5502 5544 5635 5826 6105 6572 6968 7455 8188 9205 10208 11222 11914 12310 12573 12971 13517 13882 14073 14170 14375 14892 15269 15300 15300 15300 15300 15300 15286 15236 15186 14974 14749 14474 14180 14025 13801 13383 12656 11634 10506 9341 7052 3551 
6739 8543 10357 12064 13167 13681 14007 14245 14642 14998 15043 15043 15044 15044 15045 15045 14999 14905 14880 14653 14249 13731 12838 11809 10882 10186 9485 8781 8029 7316 6637 6215 5886 5626 5434 5302 5218 5093 4987 4938 4945 4884 4804 4730 4673 4725 4869 4976 5035 5118 5319 5611 5771 5858 5939 6039 6079 6067 6353 6771 7007 7341 7761 8418 9165 9985 10883 11705 12247 12635 12953 13324 13714 13916 14105 14221 14371 14864 15269 15300 15300 15300 15291 15277 15241 15146 15050 14812 14558 14406 14180 14025 13787 13326 12481 11348 10189 8958 6613 3317 
6021 7913 9832 11351 12307 13164 13808 14129 14515 14854 14893 14893 14935 15002 15045 15045 14974 14826 14764 14645 14401 13934 13092 12251 11492 10665 9872 9362 8812 8151 7491 7129 6998 6948 6808 6597 6318 6099 6027 6015 6056 6143 6193 6119 6046 6084 6210 6303 6337 6353 6397 6509 6578 6627 6675 6765 6877 7020 7370 7916 8295 8613 8951 9388 10235 11126 11815 12296 12673 13007 13319 13577 13748 13698 13828 14100 14363 14864 15269 15300 15300 15300 15247 15161 15091 14993 14894 14725 14535 14397 14180 14012 13692 13033 11959 10758 9677 8563 6340 3181 
5387 7316 9268 10710 11588 12383 12993 13554 14244 14740 14790 14790 14848 14939 14997 14997 14949 14864 14784 14602 14402 14101 13442 12838 12185 11379 10725 10249 9786 9361 8864 8508 8326 8165 7904 7603 7406 7291 7279 7279 7306 7364 7407 7387 7366 7425 7508 7551 7496 7456 7427 7427 7427 7427 7484 7652 7950 8239 8485 8894 9385 9850 10392 10850 11466 12019 12530 12862 13063 13226 13333 13389 13602 13676 13754 14172 14624 15008 15288 15300 15252 15201 15145 15088 15045 14918 14790 14673 14535 14397 14128 13862 13473 12774 11716 10470 9330 8275 6133 3078 
4216 6312 8435 9802 10590 11430 12232 13009 13827 14374 14588 14739 14806 14831 14847 14847 14853 14937 14868 14586 14389 14090 13555 13176 12696 12126 11633 11009 10432 10142 9822 9445 9110 8874 8715 8579 8566 8565 8533 8502 8492 8484 8484 8484 8484 8495 8508 8515 8470 8515 8601 8601 8601 8601 8603 8778 9090 9280 9353 9609 10218 10840 11371 11726 12137 12552 12947 13180 13300 13277 13162 13150 13516 13806 13881 14310 14839 15116 15281 15266 15177 15083 15045 15045 15045 14918 14790 14673 14535 14397 14034 13604 13134 12447 11461 10188 8975 7915 5845 2934 
3783 5675 7594 8831 9772 10852 11693 12393 13107 13603 14076 14529 14754 14781 14790 14790 14796 14867 14855 14678 14458 14082 13431 13027 12672 12282 11949 11617 11313 11083 10849 10615 10324 10022 9795 9686 9686 9686 9560 9419 9318 9234 9234 9234 9322 9404 9404 9404 9400 9430 9473 9514 9554 9570 9571 9667 9851 10003 10180 10570 11329 11960 12332 12522 12815 13079 13174 13212 13360 13356 13282 13341 13705 14059 14221 14488 14853 15097 15189 15100 15074 15053 15045 15045 15045 14867 14640 14581 14535 14397 14027 13568 12960 12066 11123 9968 8779 7685 5662 2841 
3195 4982 6785 8043 9115 10081 10603 11320 12281 13024 13559 13979 14305 14529 14638 14638 14638 14643 14602 14469 14242 13907 13397 12962 12450 12077 11900 11850 11785 11632 11361 11090 10810 10533 10286 10139 10128 10080 9942 9829 9723 9683 9690 9690 9774 9853 9853 9853 9855 9859 9863 9966 10069 10108 10124 10196 10353 10713 11225 11671 12067 12427 12823 13068 13116 13086 13064 13042 13072 13149 13326 13520 13827 14184 14408 14556 14709 14838 15022 15036 15045 15045 15045 15045 15045 14842 14566 14535 14535 14394 13990 13456 12746 11701 10766 9670 8571 7594 5652 2836 
2602 4249 5862 7152 8422 9473 10014 10647 11512 12376 13036 13444 13784 14134 14381 14480 14535 14535 14489 14355 14135 13898 13591 13206 12690 12365 12215 12102 11992 11879 11730 11546 11357 11100 10889 10769 10687 10531 10287 10128 10030 10053 10071 10071 10071 10065 10008 9897 9884 9965 10059 10122 10247 10314 10377 10606 10918 11434 12062 12559 12805 12982 13171 13248 13126 13001 13006 13025 13079 13236 13486 13719 13934 14250 14492 14536 14544 14618 14902 15024 15045 15045 15045 15045 15045 14842 14566 14535 14532 14340 13739 12962 12160 11163 10294 9348 8386 7517 5652 2836 
2245 3584 4877 6115 7446 8667 9400 10076 10758 11499 12068 12505 13021 13569 14077 14353 14464 14464 14425 14327 14240 14044 13689 13446 13244 12992 12686 12418 12214 12148 12131 12097 11984 11750 11489 11280 11136 11111 11115 11066 11050 11028 11015 11013 10977 10885 10711 10519 10477 10621 10817 10907 11055 11147 11239 11627 12054 12354 12621 12908 13134 13312 13337 13348 13323 13246 13257 13280 13358 13557 13784 13995 14049 14175 14326 14370 14458 14611 14902 15024 15045 15045 15045 15045 15045 14842 14566 14531 14459 14136 13391 12506 11710 10877 10147 9286 8314 7442 5633 2827 
1850 2886 3910 5067 6294 7543 8465 9331 9997 10477 10998 11651 12269 12761 13418 13892 14129 14242 14269 14249 14279 14121 13810 13645 13582 13388 13067 12845 12701 12582 12492 12444 12371 12283 12145 11966 11758 11713 11802 11905 11978 11909 11839 11831 11782 11677 11570 11519 11509 11641 11821 11890 12032 12233 12403 12662 12895 13027 13173 13279 13269 13332 13345 13379 13398 13373 13415 13451 13485 13622 13810 13982 14069 14131 14129 14125 14333 14595 14902 15024 15045 15045 15045 15030 14966 14765 14552 14515 14335 13894 13112 12240 11578 10799 10018 9133 8082 7303 5675 2857 
1592 2467 3381 4480 5438 6270 7282 8447 9229 9617 10144 10825 11486 12032 12696 13272 13653 13869 13952 13928 13938 13877 13752 13699 13688 13564 13407 13348 13221 12976 12794 12705 12689 12674 12597 12472 12282 12125 12060 12065 12072 12008 11941 11934 11922 11898 11882 11882 11885 11927 12016 12083 12292 12644 12940 13048 13108 13159 13242 13314 13290 13344 13427 13412 13366 13369 13474 13572 13593 13654 13850 14022 14100 14070 13925 13897 14218 14579 14902 15024 15045 15045 15045 15010 14862 14615 14405 14198 13830 13405 12775 11961 11332 10603 9750 8840 7865 7170 5637 2839 
1326 2015 2739 3712 4640 5467 6475 7511 8168 8732 9458 10015 10416 10862 11464 12075 12485 12746 12957 13157 13361 13554 13537 13533 13533 13509 13484 13382 13207 13071 12947 12853 12841 12841 12803 12742 12671 12596 12535 12506 12501 12492 12483 12482 12482 12482 12482 12482 12482 12493 12600 12811 12973 13077 13195 13301 13439 13477 13452 13463 13441 13438 13465 13410 13311 13302 13473 13673 13795 13842 13914 13882 13798 13804 13796 13819 14114 14535 14893 15024 15045 15045 15045 15010 14862 14587 14332 14034 13587 13141 12491 11574 10925 10392 9646 8676 7690 6935 5432 2735 
895 1489 2098 2855 3741 4746 5799 6586 6966 7683 8602 9153 9365 9793 10373 11035 11632 12113 12434 12668 12827 13022 13138 13203 13160 13166 13340 13432 13388 13323 13157 13036 13005 13005 13005 13005 13005 13005 13004 13004 13004 13004 13004 13004 13004 13004 13004 13004 13004 13080 13259 13438 13412 13298 13259 13373 13624 13722 13662 13641 13590 13485 13388 13358 13276 13185 13251 13471 13748 13943 13937 13692 13478 13555 13594 13517 13771 14387 14871 15024 15045 15045 15045 14947 14735 14511 14261 13909 13497 13027 12333 11402 10682 10173 9556 8638 7653 6810 5254 2646 
765 1266 1764 2403 3240 4109 4820 5465 6131 6975 7653 8173 8538 8926 9298 9835 10516 11188 11691 11891 12056 12268 12523 12684 12669 12693 13011 13299 13347 13270 13146 13079 13043 13043 13043 13043 13043 13043 13043 13043 13043 13043 13043 13043 13043 13043 13043 13047 13011 13072 13353 13531 13502 13456 13440 13471 13515 13439 13328 13292 13269 13209 13143 13131 13087 12936 12876 13064 13372 13565 13497 13228 13000 13116 13173 13193 13603 14341 14871 15024 15045 15045 15017 14778 14405 14251 14099 13715 13221 12654 11928 11099 10393 9851 9329 8444 7507 6670 5133 2586 
765 1077 1388 1926 2675 3433 3878 4331 5188 6151 6886 7395 7805 8140 8381 8770 9296 9875 10342 10712 11192 11506 11620 11731 11890 12030 12237 12416 12460 12554 12629 12540 12427 12427 12427 12427 12427 12427 12427 12427 12427 12427 12427 12427 12427 12414 12406 12512 12605 12609 12778 12932 12937 12937 12937 12915 12821 12707 12662 12636 12604 12476 12319 12281 12359 12382 12422 12600 12838 12929 12774 12644 12612 12695 12748 12948 13544 14341 14871 15022 15008 14974 14927 14658 14203 14025 13966 13576 12876 12155 11512 10899 10295 9749 9213 8264 7329 6532 5038 2538 
765 926 1086 1497 2026 2541 3079 3704 4238 4821 5742 6569 7016 7277 7575 8069 8459 8756 9016 9511 10068 10290 10351 10558 10923 11280 11470 11535 11568 11652 11715 11673 11617 11546 11473 11473 11473 11473 11485 11536 11588 11588 11588 11588 11588 11612 11675 11784 11912 11973 12014 12055 12055 12055 12055 12047 11989 11904 11830 11762 11646 11311 10958 10920 11155 11419 11552 11672 11838 12034 12130 12210 12334 12436 12492 12822 13531 14338 14865 15009 14937 14845 14790 14582 14169 13941 13848 13500 12753 11852 11221 10809 10295 9706 9090 8018 7094 6434 5038 2538 
765 864 963 1209 1507 1869 2453 3157 3581 3866 4449 5183 5729 6103 6630 7245 7674 7881 7985 8128 8290 8672 9163 9608 10053 10412 10513 10533 10633 10749 10797 10822 10844 10773 10700 10716 10716 10716 10739 10841 10945 10946 10946 10946 10946 11022 11204 11336 11393 11416 11416 11416 11392 11350 11307 11294 11206 11007 10843 10737 10651 10423 10208 10141 10352 10687 10897 10942 11018 11315 11639 11854 12021 12260 12428 12793 13523 14294 14755 14839 14833 14735 14581 14371 14083 13890 13722 13312 12595 11793 11216 10759 10122 9383 8761 7756 6882 6253 4937 2487 
625 789 952 1073 1188 1457 1852 2317 2855 3246 3587 3953 4285 4719 5544 6286 6740 6937 7002 7002 7066 7492 8032 8422 8624 8743 8811 8961 9227 9502 9700 9835 9988 10105 10204 10278 10278 10278 10284 10313 10342 10343 10343 10343 10343 10375 10502 10625 10663 10663 10663 10663 10599 10498 10377 10300 10110 9868 9757 9714 9734 9778 9874 9854 9933 10243 10568 10664 10731 11086 11539 11834 12013 12188 12293 12669 13469 14275 14709 14739 14719 14537 14205 14043 14002 13947 13721 13123 12372 11683 11123 10554 9737 8839 8221 7464 6746 6155 4880 2458 
317 587 859 967 1053 1189 1345 1592 2114 2745 3297 3573 3758 4030 4567 4983 5437 5845 6034 6100 6275 6577 6947 7264 7405 7409 7508 7683 7976 8298 8587 8711 8844 8955 9102 9238 9282 9302 9398 9480 9480 9480 9480 9487 9494 9523 9612 9702 9735 9735 9735 9735 9618 9407 9238 9122 8984 8918 8901 8966 9088 9280 9550 9726 9818 10175 10513 10664 10616 10820 11302 11753 12022 12150 12221 12636 13480 14289 14708 14682 14587 14408 14138 14025 13936 13708 13346 12805 12184 11542 10918 10247 9448 8623 8022 7314 6639 6114 4880 2458 
255 500 744 825 916 1008 1102 1258 1682 2266 2801 3022 3189 3396 3727 4040 4367 4622 4890 5188 5530 5898 6229 6400 6458 6487 6563 6738 6983 7164 7312 7350 7390 7448 7593 7759 7846 7883 8112 8311 8316 8321 8325 8391 8464 8524 8548 8549 8510 8496 8496 8496 8421 8265 8164 8109 8064 8064 8064 8077 8145 8370 8762 9157 9338 9720 10257 10625 10603 10667 10982 11512 11873 12026 12130 12615 13493 14265 14667 14682 14587 14408 14129 13993 13834 13454 12960 12281 11628 11120 10633 9994 9255 8515 7871 7051 6372 5966 4847 2441 
133 411 686 781 902 1007 1052 1092 1217 1515 1984 2434 2764 2940 3199 3474 3670 3803 4084 4418 4647 4923 5158 5224 5276 5438 5597 5749 5908 6011 6041 6157 6328 6436 6474 6523 6559 6566 6608 6652 6711 6769 6808 6895 6988 7058 7058 6993 6848 6808 6808 6808 6808 6808 6808 6808 6808 6808 6808 6772 6781 6964 7297 7811 8208 8663 9277 9806 10026 10351 10714 11133 11426 11658 11915 12575 13488 14145 14475 14569 14546 14401 14096 13879 13640 13236 12674 11880 11167 10640 10192 9577 8787 8105 7540 6782 6127 5782 4746 2390 
0 202 399 594 852 998 1013 1017 1043 1171 1431 1783 2095 2417 2678 2779 2896 3121 3446 3699 3903 4155 4399 4510 4582 4717 4849 4900 4932 4985 5031 5174 5364 5500 5584 5667 5721 5721 5721 5729 5807 5889 5949 6027 6018 5995 5995 5975 5941 5979 6030 6030 6030 6030 6030 6030 6030 6030 6030 6100 6349 6658 6888 7422 8035 8509 8923 9297 9637 10154 10576 10923 11142 11438 11837 12552 13370 13959 14328 14424 14283 14142 14012 13855 13590 13106 12429 11634 10917 10272 9634 9037 8347 7738 7249 6617 6017 5710 4685 2359 
0 129 255 473 749 862 920 978 1026 1046 1082 1241 1452 1806 2088 2264 2468 2674 2954 3170 3266 3365 3473 3590 3699 3803 3905 3930 3956 4136 4331 4455 4583 4728 4868 4953 4999 4999 4995 4938 4959 5053 5143 5170 5110 5051 5059 5082 5118 5212 5306 5306 5306 5306 5306 5313 5361 5408 5400 5401 5816 6368 6689 7147 7750 8205 8577 8891 9217 9799 10375 10719 10822 11046 11458 12275 13176 13868 14304 14387 14178 14031 13979 13846 13540 12935 12172 11349 10639 10019 9317 8691 8127 7645 7184 6567 5921 5505 4456 2244 
0 109 216 433 683 755 828 915 983 1000 1016 1107 1228 1450 1630 1807 2015 2123 2265 2547 2713 2819 2843 2936 3068 3268 3467 3515 3554 3773 3985 4039 4068 4137 4240 4304 4304 4313 4367 4296 4288 4384 4481 4492 4492 4492 4532 4644 4740 4743 4747 4742 4737 4737 4737 4753 4838 4917 4952 4874 5199 5740 6132 6633 7221 7744 8275 8765 9142 9647 10185 10549 10749 11106 11657 12480 13286 13878 14281 14376 14178 14031 13936 13644 13117 12496 11885 11236 10540 9941 9260 8637 8037 7466 6984 6453 5797 5220 4134 2081 
0 36 75 263 464 527 590 706 830 929 1001 1094 1193 1305 1337 1469 1638 1702 1788 2051 2304 2501 2551 2616 2667 2818 2967 2991 3004 3126 3300 3381 3414 3451 3544 3618 3618 3636 3771 3872 3950 4031 4113 4122 4167 4253 4321 4351 4377 4377 4377 4294 4211 4204 4204 4285 4437 4496 4639 4766 5151 5642 5976 6419 6903 7409 7996 8580 8996 9339 9724 10194 10622 11094 11714 12553 13298 13718 14030 14212 14075 13861 13678 13314 12759 12186 11660 11128 10489 9837 9091 8477 7816 7116 6697 6339 5736 5080 3942 1985 
0 0 5 142 273 335 440 573 678 777 849 902 948 991 1019 1114 1224 1316 1484 1692 1840 1972 2119 2268 2340 2482 2605 2639 2674 2804 3021 3144 3191 3200 3224 3243 3243 3278 3565 3850 3966 3981 3997 3999 4060 4177 4254 4254 4254 4254 4254 4171 4088 4080 4064 4128 4268 4330 4548 4808 5233 5731 6071 6465 6808 7173 7657 8247 8899 9481 9797 10034 10331 10881 11580 12441 13167 13524 13807 14017 13885 13614 13414 13130 12636 11920 11260 10851 10256 9504 8710 8135 7509 6818 6425 6119 5508 4837 3721 1874 
0 0 5 134 255 288 347 391 401 425 497 556 562 576 660 743 830 930 1053 1211 1400 1554 1705 1837 1914 1999 2114 2278 2435 2548 2696 2772 2786 2786 2786 2786 2786 2830 3168 3503 3642 3642 3664 3697 3757 3841 3897 3897 3897 3897 3897 3892 3886 3886 3822 3745 3776 3941 4302 4650 5055 5529 5816 6260 6817 7281 7606 7900 8450 9185 9685 9916 10158 10884 11682 12455 13061 13432 13782 14004 13872 13568 13271 12911 12452 11778 11080 10600 9850 9054 8463 8023 7429 6720 6172 5645 4897 4221 3264 1644 
0 0 3 81 157 209 255 255 255 266 376 486 503 518 580 640 681 711 740 781 886 1113 1320 1420 1497 1572 1728 1942 2116 2161 2201 2220 2220 2220 2220 2254 2297 2367 2580 2793 2901 2906 2985 3097 3151 3151 3151 3151 3151 3151 3151 3151 3101 3108 3112 3027 3027 3192 3565 4006 4464 5020 5397 5942 6687 7385 7690 7865 8292 8944 9453 9819 10250 11120 11890 12392 12777 13255 13763 14004 13811 13397 12953 12467 12037 11483 10870 10420 9663 8861 8352 7950 7365 6662 6066 5434 4567 3787 2862 1441 
0 0 0 6 21 144 255 255 255 260 304 348 416 487 515 519 521 521 521 523 533 636 766 838 928 1092 1372 1577 1673 1675 1675 1675 1675 1675 1675 1810 1982 2133 2160 2187 2284 2380 2424 2446 2456 2456 2456 2456 2456 2456 2456 2485 2422 2401 2442 2522 2738 3003 3383 3905 4434 5003 5343 5862 6435 7102 7582 8033 8444 8931 9384 9843 10460 11346 12057 12431 12748 13235 13736 13948 13734 13299 12779 12140 11652 11194 10674 10263 9565 8776 8152 7702 7151 6561 5943 5212 4281 3503 2618 1318 
0 0 0 0 5 67 130 197 255 255 255 255 338 431 462 462 472 493 510 510 510 517 531 545 631 840 1066 1135 1152 1181 1210 1210 1233 1287 1341 1462 1602 1720 1720 1720 1822 1939 1975 1975 1975 1975 1975 1975 1975 1975 1975 2082 2104 2036 2026 2216 2609 3039 3611 4274 4652 5051 5427 5972 6449 7125 7775 8371 8741 9104 9505 10052 10703 11439 12031 12402 12748 13235 13665 13782 13598 13244 12728 11956 11353 10939 10496 10088 9370 8537 7778 7325 6906 6425 5735 4923 4047 3406 2596 1307 
0 0 0 0 0 0 14 133 237 247 255 255 280 307 317 317 355 442 510 510 510 510 510 510 591 711 786 786 786 903 1020 1020 1069 1184 1301 1387 1464 1532 1574 1616 1687 1762 1785 1785 1785 1785 1785 1785 1785 1776 1714 1775 1883 1933 2010 2284 2805 3337 3893 4469 4682 5105 5732 6380 6690 7179 7871 8543 8949 9274 9673 10317 10956 11466 11869 12314 12685 13108 13546 13592 13313 12986 12587 11859 11211 10799 10297 9732 9041 8287 7494 7015 6663 6172 5444 4642 3857 3258 2476 1247 
0 0 0 0 0 9 38 110 163 246 313 332 358 379 379 379 413 472 507 492 492 519 556 563 630 715 765 765 765 815 865 865 941 1118 1297 1351 1381 1412 1514 1616 1630 1630 1630 1630 1630 1630 1630 1618 1595 1658 1669 1688 1861 2059 2243 2485 3107 3767 4359 4823 5049 5421 6035 6672 7006 7359 7982 8661 9055 9357 9816 10482 11066 11518 11883 12354 12723 13050 13464 13457 12971 12403 12076 11597 10999 10547 9922 9238 8648 8050 7324 6785 6425 5854 4983 4143 3535 3091 2381 1199 
0 0 0 0 0 34 132 229 245 349 433 492 577 668 687 687 692 633 544 484 484 555 678 719 747 758 765 765 765 770 877 981 1081 1169 1256 1297 1403 1505 1516 1528 1530 1530 1530 1530 1530 1530 1530 1520 1444 1520 1694 1709 1833 2124 2508 2859 3363 3938 4552 5048 5363 5678 6076 6579 7226 7789 8347 8890 9251 9634 10104 10629 11065 11492 11896 12431 12870 13139 13483 13436 12834 12032 11587 11217 10692 10194 9453 8723 8271 7767 7033 6415 5983 5458 4596 3770 3275 2993 2381 1199 
0 0 0 42 104 161 237 317 346 377 403 452 540 693 765 765 765 731 683 678 740 826 807 739 731 731 731 741 755 751 898 1049 1155 1186 1263 1334 1372 1410 1410 1410 1410 1410 1410 1410 1410 1410 1410 1484 1418 1350 1471 1540 1733 2139 2752 3282 3599 4004 4572 5154 5664 6030 6294 6759 7591 8263 8798 9219 9553 9960 10307 10779 11227 11640 11984 12396 12819 13084 13346 13256 12665 11885 11350 10846 10238 9776 9108 8390 7905 7392 6690 6078 5543 5013 4286 3584 3163 2947 2381 1199 
0 26 52 117 200 255 331 418 479 479 479 488 521 619 684 684 684 684 684 727 836 928 832 737 694 668 653 706 782 793 823 870 939 985 1101 1194 1194 1194 1194 1194 1194 1194 1194 1194 1194 1281 1369 1366 1233 1189 1340 1677 2155 2604 3018 3470 3832 4244 4772 5360 6018 6335 6618 7150 7952 8530 8997 9363 9744 10224 10548 10935 11322 11718 11999 12304 12748 13017 13134 12952 12354 11665 11188 10652 10009 9473 8773 8040 7504 7011 6447 5823 5148 4624 4056 3502 3122 2931 2381 1199 
0 100 198 256 307 356 412 469 510 510 510 510 514 529 541 541 541 541 541 584 693 795 785 775 712 658 642 734 848 914 891 896 941 992 1084 1158 1153 1112 1071 1051 1051 1051 1051 1098 1145 1226 1320 1355 1324 1322 1481 1978 2656 3200 3478 3810 4293 4815 5332 5740 6259 6568 7037 7625 8181 8663 9374 9925 10219 10554 10834 11116 11348 11631 11942 12303 12747 13010 13027 12691 12017 11385 10870 10275 9554 8808 8169 7643 7181 6745 6187 5452 4761 4308 3838 3324 3005 2886 2381 1199 
0 110 219 296 391 487 503 507 510 510 510 510 510 510 510 510 510 556 619 681 737 789 790 790 783 825 858 889 927 1017 1012 1073 1188 1259 1262 1264 1254 1159 1065 1020 1020 1028 1035 1155 1286 1279 1265 1288 1369 1517 1798 2290 2906 3487 3932 4330 4815 5402 5992 6290 6654 6970 7482 8100 8649 9110 9786 10372 10635 10786 10908 11141 11407 11658 11945 12288 12659 12847 12770 12375 11742 11130 10507 9815 9084 8397 7872 7314 6804 6476 6014 5316 4660 4222 3785 3292 2973 2817 2287 1152 
63 195 326 403 453 503 510 510 510 510 510 510 510 510 511 538 565 632 714 807 903 1034 1082 1082 1090 1115 1104 1096 1114 1245 1305 1322 1293 1275 1275 1275 1270 1220 1170 1147 1147 1243 1289 1272 1305 1337 1382 1419 1614 1990 2484 3002 3498 3927 4498 5071 5361 5644 6161 6684 7123 7408 7869 8585 9372 9900 10222 10487 10683 10892 10984 11069 11384 11823 12173 12305 12465 12640 12560 12114 11389 10596 9903 9250 8565 7940 7486 6928 6408 6056 5538 5009 4523 4158 3752 3286 2948 2723 2146 1081 
234 342 450 510 510 510 510 510 510 510 510 510 510 510 515 616 724 798 859 937 1050 1201 1275 1275 1295 1362 1422 1512 1586 1573 1529 1477 1383 1326 1326 1321 1298 1275 1275 1275 1275 1403 1466 1421 1434 1492 1656 1901 2279 2760 3389 3927 4367 4710 5220 5831 6190 6348 6694 7214 7632 8012 8554 9217 9873 10182 10400 10602 10788 11028 11178 11238 11474 11906 12255 12300 12317 12403 12259 11770 10986 10138 9516 8924 8269 7635 7176 6709 6231 5760 5027 4483 4151 3881 3568 3146 2820 2664 2146 1081 
105 268 432 510 510 510 510 510 510 510 510 510 510 510 515 625 754 882 1043 1189 1254 1266 1275 1275 1308 1440 1570 1680 1759 1736 1691 1624 1548 1504 1504 1482 1377 1275 1286 1326 1394 1580 1778 1861 1975 2141 2458 2915 3420 3849 4405 4778 5144 5519 5907 6435 6874 7081 7331 7794 8195 8550 9035 9616 10267 10623 10755 10746 10835 11111 11377 11501 11660 11889 12133 12283 12307 12232 11864 11223 10483 9831 9316 8655 7925 7359 6949 6554 6121 5637 4876 4279 3855 3520 3345 3026 2734 2625 2146 1081 
30 227 424 510 510 510 510 510 510 510 510 510 520 549 579 661 817 1006 1160 1258 1307 1315 1321 1331 1378 1583 1785 1825 1820 1799 1785 1723 1642 1583 1555 1519 1470 1422 1488 1713 1962 2198 2435 2607 2834 3109 3484 4004 4593 5032 5449 5761 6039 6266 6372 6649 7208 7651 7893 8268 8672 8900 9378 10018 10529 10740 10830 10875 10970 11197 11433 11650 11871 12011 12066 12076 11973 11756 11352 10717 10001 9446 9013 8308 7488 6933 6552 6200 5732 5213 4584 4061 3628 3332 3257 3010 2734 2625 2146 1081 
167 311 454 510 510 510 510 510 510 510 510 510 547 649 775 817 958 1143 1255 1340 1484 1556 1658 1824 1975 2036 2098 2111 2082 1958 1881 1886 1874 1825 1751 1750 1836 1945 2179 2499 2704 2810 2970 3199 3575 4058 4524 4963 5472 5920 6225 6464 6726 6976 7115 7239 7579 7939 8150 8476 8950 9358 9994 10577 10912 11063 11218 11341 11411 11567 11718 11849 11983 12044 11993 11949 11586 11014 10659 10307 9646 8985 8565 7915 7184 6586 6074 5668 5353 4937 4377 3897 3515 3242 3140 2904 2629 2504 2037 1026 
204 268 332 402 467 535 596 681 733 764 809 875 964 1046 1202 1298 1476 1643 1790 1882 2066 2210 2319 2410 2517 2623 2730 2729 2649 2564 2572 2588 2620 2708 2807 3036 3317 3586 3770 3886 3964 4011 4080 4278 4681 5332 5925 6237 6399 6619 6782 6863 7002 7254 7663 7924 8093 8278 8461 8847 9498 10087 10702 11137 11350 11490 11683 11801 11827 11924 12024 11995 11926 11848 11704 11720 11456 10838 10405 9999 9297 8496 8062 7547 6882 6221 5725 5234 4866 4492 4088 3725 3391 3118 2929 2672 2435 2349 1931 973 
67 140 213 339 476 635 802 972 1085 1156 1220 1300 1430 1520 1772 1978 2203 2369 2559 2713 2892 3047 3100 3116 3159 3362 3603 3695 3686 3663 3771 3855 3931 4199 4547 4815 5050 5221 5076 4942 5062 5409 5794 6013 6282 6626 6981 7196 7270 7384 7478 7441 7465 7745 8375 8866 9157 9336 9479 9677 10094 10559 11153 11540 11667 11711 11766 11807 11851 11916 11980 11897 11686 11577 11616 11720 11455 10782 10134 9542 8902 8021 7442 7032 6573 6003 5472 4777 4305 3949 3619 3304 3078 2908 2749 2489 2285 2204 1794 904 
0 99 198 406 677 927 1193 1452 1737 1908 1972 2016 2085 2197 2488 2775 3131 3398 3608 3730 3740 3800 3882 3966 3997 4171 4540 4811 5038 5262 5603 5914 6048 6157 6353 6478 6671 6945 6972 6921 7054 7339 7767 8040 8152 8162 8242 8292 8398 8584 8662 8562 8606 8758 9182 9568 9878 10066 10243 10325 10668 11090 11568 11883 11968 11969 11977 12011 12047 12097 12029 11814 11583 11496 11475 11356 10945 10222 9624 9055 8329 7480 6896 6494 6057 5516 5042 4452 4032 3711 3418 3086 2824 2593 2484 2373 2244 2130 1701 857 
0 190 379 631 893 1139 1399 1746 2178 2492 2702 2919 3097 3386 3659 3892 4323 4760 4969 5018 5005 5050 5131 5205 5235 5381 5822 6162 6470 6915 7431 7871 8115 8245 8216 8144 8460 8985 9303 9436 9475 9430 9453 9612 9790 9924 9755 9422 9320 9560 9697 9591 9681 9815 10042 10288 10533 10665 10914 11110 11418 11706 11905 12107 12280 12362 12379 12400 12346 12221 11901 11678 11552 11484 11286 10857 10278 9477 8897 8281 7586 6875 6359 5928 5563 5175 4815 4348 3923 3557 3321 3040 2756 2426 2295 2295 2209 2040 1591 802 
0 288 576 871 1165 1589 1977 2259 2575 2941 3224 3536 3882 4233 4554 4846 5242 5688 5961 6139 6451 6583 6566 6573 6790 7207 7633 8009 8388 8784 9079 9298 9452 9557 9571 9583 9808 10163 10442 10667 10894 11049 11084 11016 10914 10822 10495 10192 10085 10390 10735 10695 10820 10969 11074 11287 11530 11627 11866 12072 12173 12283 12370 12446 12497 12490 12481 12516 12357 12035 11716 11527 11281 11151 10951 10410 9727 8916 8382 7760 7162 6470 5901 5396 5014 4713 4502 4154 3813 3502 3290 3033 2756 2426 2295 2295 2173 1950 1481 746 
0 402 801 1111 1357 1974 2668 3022 3338 3820 4149 4353 4646 5007 5435 5811 6114 6392 6674 7026 7493 7838 8079 8246 8504 8912 9236 9641 9966 10271 10438 10530 10672 10796 10918 11096 11123 11085 11262 11427 11501 11627 11710 11642 11496 11379 11315 11349 11404 11525 11665 11665 11829 12014 12134 12284 12414 12348 12368 12482 12492 12467 12499 12581 12640 12590 12450 12251 11942 11613 11429 11297 11089 10845 10403 9623 9016 8401 7846 7255 6747 6128 5606 5141 4728 4278 3942 3701 3582 3383 3139 2904 2696 2426 2295 2295 2170 1935 1458 734 
203 619 1031 1694 2322 2830 3156 3376 3598 3969 4394 4743 5147 5570 5967 6318 6630 7001 7489 7906 8233 8591 9015 9338 9589 9886 10154 10403 10545 10769 10967 11051 11190 11351 11486 11605 11659 11713 11885 12039 12062 11978 11860 11835 11908 12004 11988 11960 11964 11968 11984 11999 12186 12394 12530 12596 12642 12559 12481 12489 12487 12417 12381 12541 12689 12550 12245 11872 11573 11416 11279 10983 10441 9756 9154 8670 8312 7746 7189 6788 6447 5811 5134 4691 4412 4105 3762 3469 3306 3173 3000 2829 2653 2421 2295 2295 2150 1836 1299 654 
534 938 1344 2095 2869 3288 3445 3703 4006 4250 4675 5080 5476 5840 6187 6538 7016 7562 8195 8664 8867 9015 9316 9626 9914 10281 10601 10799 10899 11024 11166 11196 11266 11387 11552 11657 11762 11874 11954 12023 11992 11866 11817 11859 12000 12127 12097 12015 11985 12005 12076 12147 12348 12544 12627 12568 12495 12495 12495 12440 12357 12256 12256 12434 12485 12188 11857 11568 11405 11286 11004 10350 9485 8690 8269 8053 7700 7102 6612 6330 5880 5210 4687 4406 4201 3994 3692 3344 3113 3050 2958 2748 2490 2339 2242 2187 2051 1763 1241 625 
733 1368 2033 2656 3111 3320 3447 3772 4232 4581 5046 5358 5518 5785 6185 6649 7353 7834 8212 8717 9149 9416 9572 9669 9833 10216 10632 10950 11144 11188 11234 11188 11168 11243 11426 11613 11853 11982 11873 11769 11813 11874 11954 11898 11918 11971 12007 11991 11985 12013 12112 12211 12454 12597 12567 12531 12495 12466 12424 12366 12304 12228 12179 12226 12181 11809 11439 11138 10966 10716 10356 9675 8850 8193 7769 7461 7159 6643 6114 5728 5257 4810 4515 4232 3875 3625 3398 3223 3097 3050 2958 2707 2403 2284 2168 2059 1941 1717 1241 625 
615 1646 2672 3103 3299 3476 3731 4191 4667 4929 5153 5332 5410 5672 6074 6507 7173 7679 7997 8506 9100 9550 9720 9798 9962 10252 10581 10912 11147 11145 11184 11233 11285 11434 11617 11692 11858 11981 11905 11769 11755 11807 11925 11958 11960 11966 11985 11985 11985 12013 12112 12159 12349 12509 12495 12495 12495 12407 12253 12193 12181 12272 12058 11649 11442 11242 11021 10726 10378 9800 9020 8317 7774 7384 7135 6802 6444 5999 5611 5262 4832 4438 4156 3924 3614 3313 3108 3083 3066 3016 2869 2580 2236 2038 1926 1859 1731 1536 1142 575 
484 1687 2854 3261 3431 3685 4040 4449 4773 5004 5158 5270 5350 5652 6070 6396 6946 7483 7882 8297 8875 9385 9597 9712 9896 10129 10369 10649 10925 11007 11042 11087 11282 11550 11669 11611 11692 11776 11813 11774 11750 11748 11817 11895 11937 11970 11985 12018 12058 12091 12138 12084 12199 12433 12495 12434 12320 12225 12088 11987 11793 11747 11472 11029 10845 10686 10405 9929 9386 8822 8018 7330 6856 6613 6542 6186 5681 5330 5144 4942 4572 4196 3912 3735 3513 3245 3023 2970 2958 2804 2526 2274 2015 1833 1785 1760 1611 1401 1047 527 
768 1666 2528 3016 3411 3736 4016 4366 4670 4928 5083 5176 5313 5649 6119 6454 7057 7696 8205 8452 8816 9176 9332 9536 9787 10057 10301 10488 10757 10929 10966 10968 11108 11345 11521 11443 11488 11557 11723 11844 11870 11804 11742 11737 11827 11935 11985 12065 12160 12130 12034 11976 12129 12357 12419 12302 12057 11884 11673 11499 11247 11020 10735 10471 10387 10093 9533 8852 8086 7588 7270 6980 6583 6183 5972 5672 5276 5033 4907 4670 4270 3973 3715 3528 3363 3177 2950 2761 2658 2449 2196 2054 1898 1788 1785 1760 1603 1377 1013 510 
1009 1612 2194 2812 3532 4014 4230 4445 4707 4926 5115 5350 5632 5940 6282 6499 6951 7582 8180 8493 8708 8868 8983 9212 9536 9907 10196 10344 10579 10817 10942 11000 11095 11255 11537 11601 11526 11475 11642 11821 11877 11808 11738 11730 11822 11872 11858 11885 11921 11905 11971 11898 11849 11950 12006 11891 11666 11399 10980 10641 10518 10329 10035 9619 9235 8813 8464 8046 7398 6855 6667 6574 6316 5837 5402 5084 4758 4597 4460 4184 3773 3467 3294 3203 3122 2993 2853 2638 2440 2198 2045 1974 1830 1717 1714 1696 1533 1260 864 435 
650 1238 1814 2428 3173 3792 4176 4473 4704 4855 4971 5235 5632 5951 6141 6222 6558 6961 7314 7849 8383 8656 8748 8942 9223 9514 9733 9959 10249 10410 10500 10659 10858 11024 11269 11400 11446 11454 11533 11601 11655 11676 11688 11687 11751 11722 11640 11591 11506 11391 11437 11375 11257 11239 11231 11099 10790 10403 9980 9550 9323 9256 9176 8826 8240 7700 7402 7131 6751 6408 6271 6100 5737 5300 4958 4745 4367 4130 3871 3568 3303 3128 3035 2981 2914 2800 2684 2479 2266 2071 1916 1780 1635 1566 1530 1475 1345 1149 801 403 
27 706 1355 1787 2322 2964 3667 4227 4503 4695 4800 4938 5169 5507 5857 6062 6385 6618 6877 7506 8158 8532 8662 8723 8767 8977 9217 9563 9905 9970 10021 10218 10441 10640 10798 10972 11265 11404 11465 11465 11481 11442 11414 11412 11410 11391 11380 11349 11210 10888 10639 10555 10431 10295 10198 10080 9787 9438 9149 8708 8264 8114 8054 7883 7499 7018 6597 6244 6062 5973 5932 5708 5269 4838 4582 4418 3991 3567 3195 2944 2960 3033 2977 2857 2725 2596 2461 2263 2033 1851 1693 1564 1511 1505 1437 1300 1098 891 631 317 
0 595 1156 1457 1843 2377 3055 3731 4262 4671 4793 4916 5078 5378 5767 6029 6371 6580 6788 7311 7865 8299 8423 8420 8437 8662 8877 9073 9253 9340 9453 9723 9942 10207 10421 10629 10942 11080 11072 10939 10798 10735 10724 10672 10603 10578 10575 10428 10249 10138 10048 9939 9735 9579 9430 9187 8770 8430 8126 7781 7444 7334 7160 6921 6643 6374 6122 5840 5598 5349 5160 4890 4672 4403 4085 3707 3367 3155 2996 2840 2768 2755 2714 2585 2399 2225 2011 1885 1748 1571 1417 1340 1340 1326 1287 1159 919 633 434 217 
0 347 678 974 1318 1785 2325 2891 3477 4079 4492 4786 4962 5197 5544 5863 6150 6292 6508 6841 7163 7505 7806 8006 8070 8226 8406 8408 8347 8469 8739 9004 9212 9468 9709 9926 10218 10333 10347 10224 10008 9913 9814 9698 9573 9528 9523 9451 9336 9305 9092 8623 8364 8285 8227 8042 7618 7228 6919 6694 6408 6266 6176 6073 5882 5619 5386 5148 4952 4732 4533 4241 4040 3810 3500 3040 2691 2477 2396 2334 2224 2124 2109 2086 1970 1842 1680 1576 1497 1404 1321 1275 1275 1223 1103 881 636 363 211 106 
0 7 47 483 958 1272 1466 1786 2202 2810 3706 4381 4646 4789 4978 5366 5675 5864 6145 6349 6421 6628 7094 7452 7586 7625 7679 7742 7746 7768 7893 7931 8261 8572 8779 8832 8955 9073 9194 9355 9316 9242 9115 8994 8845 8693 8496 8392 8258 8043 7553 6946 6703 6585 6658 6696 6422 6039 5800 5542 5034 4746 4734 4837 4933 4829 4650 4450 4338 4210 3935 3655 3461 3080 2702 2378 2195 1957 1743 1563 1486 1477 1591 1713 1700 1616 1528 1419 1315 1264 1241 1195 1141 1043 881 629 407 146 0 0 
0 0 13 153 347 680 1062 1404 1556 1751 2206 2765 3278 3732 3990 4357 4724 5070 5292 5468 5726 5998 6181 6279 6455 6645 6692 6849 7022 7064 7050 7179 7411 7541 7472 7350 7202 7231 7355 7570 7741 7969 8005 7899 7665 7368 7098 6874 6703 6521 6115 5701 5492 5237 5035 4881 4845 4730 4530 4476 4408 4262 4043 3864 3813 3914 3891 3704 3467 3211 2957 2663 2363 2162 2040 1814 1593 1435 1265 1051 1010 1147 1349 1411 1442 1426 1359 1320 1288 1224 1135 979 799 615 453 241 115 42 0 0 
0 0 0 0 49 284 594 812 822 822 934 1213 1652 2109 2350 2602 2863 3134 3261 3353 3568 3764 3795 3757 3835 4003 4038 4124 4236 4234 4175 4282 4383 4420 4320 4227 4077 4087 4175 4305 4474 4720 4789 4715 4516 4281 4121 3971 3865 3783 3580 3374 3233 3019 2801 2622 2647 2639 2509 2532 2631 2604 2420 2206 2105 2207 2190 2038 1846 1659 1536 1348 1116 1057 1075 963 810 742 675 561 528 621 748 766 800 808 770 766 766 726 659 550 423 297 198 67 0 0 0 0 
