60
0
100
100
0 0 0 0 20 317 657 765 765 765 765 890 1020 1048 1096 1021 796 600 510 572 562 371 255 362 479 510 632 881 1071 1172 1274 1275 1204 1100 1208 1262 1254 1529 1785 1860 1990 1937 2014 2193 2294 2562 2997 3337 3080 3058 2933 2563 2550 2728 3047 3248 3173 2803 2444 2467 2651 3013 3619 3744 3539 3507 3554 3660 3581 3426 3139 2383 1988 1965 1553 1277 1254 1070 736 710 917 1020 1020 1022 1152 1388 1500 1218 860 539 307 255 255 255 209 90 0 0 0 0 
0 0 5 198 414 587 726 765 765 813 905 991 1101 1162 1186 1155 1022 912 853 799 796 686 562 776 1039 1125 1196 1286 1286 1243 1275 1304 1428 1498 1530 1694 1882 2134 2287 2359 2456 2684 2967 3233 3593 3886 3961 4124 4113 4129 4170 4148 4270 4438 4441 4361 4312 4261 4235 4137 4083 4240 4427 4470 4452 4437 4395 4426 4312 4230 4142 3710 3241 2881 2558 2243 1947 1853 1661 1533 1489 1645 1857 1952 2010 2040 2012 1790 1540 1266 1068 868 664 545 403 216 123 57 0 0 
132 135 147 425 712 765 765 772 805 883 1000 1063 1182 1275 1275 1275 1196 1123 1118 1064 1097 1015 888 1132 1469 1616 1639 1598 1461 1348 1340 1368 1614 1896 2006 2223 2464 2694 2915 3043 3058 3498 4038 4380 4762 5002 4972 4998 5154 5270 5396 5619 5712 5678 5534 5404 5429 5587 5708 5528 5348 5306 5245 5214 5215 5292 5279 5157 4997 4926 4917 4743 4390 3901 3613 3287 2924 2757 2571 2404 2177 2240 2438 2550 2550 2464 2369 2215 2045 1841 1692 1404 1063 823 612 426 318 156 23 12 
453 523 592 679 758 765 765 829 1014 1118 1144 1169 1229 1275 1275 1275 1237 1256 1369 1433 1468 1309 1201 1376 1706 1913 1904 1856 1694 1573 1524 1509 1804 2376 2798 2978 3162 3381 3700 3829 3765 4231 4980 5370 5512 5730 6041 6098 6192 6355 6629 6867 6760 6541 6422 6481 6608 6736 6754 6666 6541 6270 6151 6122 5932 5938 6034 5908 5746 5515 5231 5091 5198 5157 4878 4455 4206 3737 3340 3331 3216 2919 2623 2552 2552 2525 2496 2418 2304 2154 1987 1738 1474 1166 869 731 551 323 158 79 
520 647 765 765 765 765 825 969 1173 1275 1275 1275 1275 1275 1275 1301 1375 1488 1582 1603 1589 1501 1560 1714 1896 2039 2040 2057 1972 1826 1767 1888 2171 2690 3179 3499 3872 4048 4290 4464 4526 4897 5443 5748 5955 6146 6554 6797 7000 7104 7230 7330 7312 7430 7445 7369 7397 7515 7433 7305 7334 7132 6893 6990 7004 6723 6599 6469 6279 6129 5807 5522 5542 5621 5359 4874 4837 4711 4337 4046 3865 3550 3022 2750 2723 2723 2723 2674 2536 2374 2202 1974 1684 1295 991 899 756 604 458 231 
649 709 765 765 765 765 902 1094 1213 1275 1275 1275 1275 1275 1275 1339 1543 1733 1788 1755 1688 1635 1762 1867 1942 2042 2049 2107 2164 2100 2145 2499 2624 2848 3361 3912 4381 4524 4788 5138 5498 5762 5957 6132 6531 6744 6939 7179 7508 7596 7555 7618 7575 7778 7947 7909 7950 8075 7829 7721 7958 7785 7489 7582 7608 7270 6954 6645 6387 6356 6244 6057 5859 5782 5556 5115 5196 5341 5074 4545 4146 3856 3300 2921 2861 2837 2829 2822 2750 2628 2398 2081 1740 1318 1067 1025 939 819 648 327 
765 765 765 765 765 765 902 1094 1213 1275 1275 1275 1297 1344 1367 1437 1661 1855 1893 1878 1836 1890 2048 2034 2005 2082 2163 2262 2371 2387 2476 2976 3193 3289 3736 4352 4751 4929 5303 5664 6141 6339 6486 6749 7192 7466 7421 7502 7818 7917 7859 7913 7839 8030 8204 8153 8171 8301 8104 8037 8210 7972 7745 7808 7757 7540 7174 6715 6415 6476 6416 6213 6069 5974 5660 5185 5235 5397 5218 4766 4373 4031 3593 3383 3265 3169 3159 3159 3159 3118 2856 2453 2066 1601 1267 1089 949 840 669 337 
765 765 765 765 765 765 902 1094 1213 1275 1275 1275 1331 1460 1544 1630 1855 1990 1932 1905 1918 2066 2251 2151 2040 2104 2228 2366 2546 2728 2908 3434 3690 3842 4279 4744 5089 5377 5797 6161 6702 7005 7315 7736 7916 8007 8031 8001 8071 8084 8039 8106 8173 8591 8737 8544 8525 8626 8433 8325 8442 8298 8059 7936 7837 7733 7490 7136 6813 6778 6737 6550 6508 6627 6428 5815 5549 5562 5432 5129 4855 4522 4138 3953 3726 3552 3538 3538 3533 3485 3271 2948 2484 1853 1428 1233 1059 923 735 370 
765 765 765 765 765 765 902 1094 1213 1275 1275 1275 1336 1498 1672 1771 1940 2084 2032 2003 2058 2166 2269 2151 2040 2121 2277 2431 2609 3008 3454 3852 3917 4167 4783 5227 5424 5666 6219 6744 7194 7620 8006 8434 8465 8374 8363 8202 8262 8386 8344 8416 8550 9153 9379 9114 9138 9165 8866 8663 8746 8820 8537 8196 8118 8160 8029 7814 7472 7214 7144 7009 7047 7350 7206 6488 5942 5792 5738 5589 5355 5086 4758 4557 4252 3978 3909 3894 3836 3719 3504 3232 2777 2144 1682 1526 1307 1110 884 445 
765 765 765 765 765 765 902 1094 1213 1275 1275 1275 1336 1506 1708 1810 1957 2162 2182 2132 2147 2191 2269 2185 2134 2254 2422 2676 2999 3375 3781 4226 4406 4568 5134 5679 5885 6370 7043 7448 7658 8197 8673 8969 8855 8662 8595 8487 8683 8757 8546 8687 8992 9519 9646 9294 9336 9496 9160 8751 8772 8979 8804 8643 8639 8518 8253 8064 7752 7471 7409 7364 7535 7832 7560 6919 6480 6240 6094 5934 5665 5398 5019 4831 4591 4295 4145 4080 4008 3874 3636 3353 2975 2444 1919 1665 1431 1257 1014 510 
765 765 765 765 765 765 902 1094 1213 1275 1275 1275 1336 1508 1765 1902 1994 2162 2182 2199 2294 2269 2291 2245 2258 2440 2667 3024 3531 3844 4017 4420 4754 4957 5454 6110 6461 7109 7774 8166 8404 8848 9244 9312 9087 8943 8883 8831 9075 9091 8948 9304 9618 9873 9832 9542 9551 9648 9321 8925 8921 9252 9326 9281 9152 8693 8215 8242 8146 7927 7799 7843 8150 8345 8000 7397 7071 6897 6680 6343 5948 5588 5091 4866 4630 4355 4245 4188 4112 3996 3740 3365 2938 2398 1974 1806 1622 1422 1118 563 
765 765 765 765 765 765 902 1094 1213 1275 1275 1282 1427 1641 1902 2082 2134 2211 2190 2222 2346 2340 2385 2383 2439 2682 3120 3467 3821 4178 4373 4649 5095 5527 5914 6569 7147 7831 8345 8667 8941 9149 9334 9410 9249 9108 9078 9125 9302 9321 9428 9814 10013 10112 9954 9681 9584 9503 9280 9266 9328 9535 9681 9597 9409 9012 8469 8509 8525 8445 8400 8403 8553 8749 8520 7876 7522 7520 7414 6877 6231 5699 5189 4975 4672 4387 4335 4297 4183 4039 3805 3431 2971 2394 2019 1922 1718 1410 1035 522 
765 765 765 765 765 765 902 1094 1213 1275 1275 1287 1488 1728 1967 2192 2295 2295 2219 2270 2426 2436 2495 2549 2697 2946 3501 3904 4111 4474 4818 5013 5468 6204 6636 7165 7900 8559 8867 8977 9123 9216 9281 9388 9366 9330 9363 9474 9618 9649 9745 9974 10068 10051 9824 9602 9486 9400 9308 9466 9639 9733 9730 9472 9250 9133 8782 8716 8705 8713 8845 8921 8863 8922 8787 8280 8003 8080 8068 7408 6530 5848 5304 5069 4724 4411 4343 4297 4183 4039 3841 3452 2888 2311 2046 2032 1797 1353 893 450 
765 765 765 765 765 765 902 1094 1213 1275 1275 1287 1490 1733 1969 2192 2295 2352 2415 2519 2675 2647 2678 2691 2935 3224 3714 4266 4644 4825 5212 5541 5778 6551 7311 8051 8728 9080 9122 9095 9112 9111 9247 9484 9620 9701 9697 9779 10023 10163 9924 9899 10004 9941 9783 9628 9410 9367 9546 9722 9879 9894 9827 9565 9370 9296 9026 8956 9034 9044 9056 9294 9474 9469 9247 8886 8672 8514 8340 7754 6773 6071 5449 5106 4813 4515 4380 4297 4183 4039 3829 3345 2692 2201 2040 2040 1802 1335 857 432 
765 765 765 765 765 765 902 1094 1213 1275 1326 1384 1624 1937 2111 2231 2295 2422 2653 2787 2860 2784 2801 2783 3158 3509 3935 4617 5109 5171 5520 6017 6286 7131 8135 8738 9195 9466 9454 9400 9397 9366 9536 9850 10052 10181 10157 10224 10361 10339 9933 9896 9970 9849 9718 9523 9265 9393 9652 9893 10154 10024 9810 9659 9610 9629 9496 9600 9836 9731 9643 9988 10177 9962 9604 9248 9037 8800 8566 7892 6803 6150 5560 5265 4953 4605 4409 4297 4183 4039 3827 3334 2675 2193 1982 1924 1686 1212 725 365 
765 765 765 765 765 765 902 1094 1213 1275 1403 1530 1784 2161 2295 2295 2310 2460 2738 2954 3084 2914 2940 3009 3420 3812 4119 4774 5471 5747 5994 6676 7416 8218 8911 9138 9348 9514 9547 9582 9661 9711 9897 10136 10213 10358 10534 10679 10528 10282 10008 9869 9741 9606 9464 9336 9218 9434 9649 9882 10209 10152 10012 9978 9899 9831 9762 10134 10446 10170 10039 10480 10613 10277 9827 9428 9181 8901 8634 7911 6846 6249 5708 5531 5126 4658 4414 4297 4183 3997 3711 3221 2636 2192 1933 1824 1592 1132 653 329 
765 765 765 765 765 765 902 1094 1213 1275 1403 1530 1784 2161 2295 2313 2442 2676 2942 3091 3161 3021 3291 3533 3819 4330 4593 5104 5956 6535 6784 7492 8463 8977 9306 9497 9586 9533 9506 9562 9786 10035 10193 10323 10419 10678 10725 10605 10455 10227 9982 9780 9462 9139 8952 9150 9293 9500 9655 9802 10112 10213 10247 10195 9933 9760 9783 10270 10660 10544 10382 10721 10856 10550 10061 9567 9226 8854 8528 7900 7034 6416 5804 5637 5201 4694 4418 4297 4183 3911 3477 2973 2537 2190 1933 1824 1564 1076 596 300 
765 765 765 765 765 765 902 1094 1233 1323 1511 1751 1980 2221 2295 2350 2615 2918 3140 3216 3267 3162 3498 3838 4060 4807 5466 5965 6590 7292 7845 8334 8821 9040 9343 9662 9717 9561 9504 9547 9839 10259 10564 10738 10632 10675 10575 10385 10392 10232 9869 9531 9141 8818 8788 9131 9361 9555 9769 10053 10345 10354 10201 9981 9767 9873 10121 10554 10842 10805 10770 11091 11213 10975 10504 9819 9354 8948 8536 7872 7044 6549 6038 5774 5222 4694 4418 4272 4098 3720 3269 2856 2521 2190 1897 1745 1429 926 478 240 
765 765 765 765 765 765 902 1095 1302 1482 1739 2101 2258 2295 2295 2359 2670 3027 3263 3335 3497 3468 3693 4091 4402 5279 6238 6918 7405 7996 8626 8909 9082 9240 9535 9844 9903 9762 9730 9797 9996 10434 10928 11151 10661 10268 10214 10193 10348 10289 9802 9288 8861 8662 8806 9120 9322 9524 9849 10261 10492 10347 10067 9846 9751 9960 10352 10837 11084 10971 10904 11213 11346 11182 10819 10143 9582 9036 8490 7734 6944 6613 6209 5871 5236 4694 4418 4244 3997 3499 3038 2751 2521 2190 1841 1621 1296 847 449 226 
765 765 765 765 765 765 902 1109 1411 1694 1896 2196 2295 2296 2299 2367 2696 3097 3425 3558 3827 4023 4237 4761 5374 6167 6946 7565 8118 8712 9222 9410 9529 9762 9997 10011 9880 9830 9947 10150 10343 10707 11002 11028 10485 10001 9934 10023 10312 10276 9653 9028 8639 8484 8582 8785 9063 9396 9837 10315 10385 10097 9922 9864 9883 10083 10559 11080 11279 11016 10821 11128 11262 11060 10819 10388 9746 8963 8336 7521 6766 6548 6209 5871 5236 4694 4418 4210 3888 3392 3004 2749 2521 2190 1841 1621 1296 847 449 226 
765 765 765 765 765 765 902 1114 1447 1761 1938 2207 2295 2328 2491 2676 2926 3230 3609 3833 4129 4456 4716 5448 6373 7085 7500 8043 8742 9355 9746 9911 9989 10093 10202 10179 9994 9888 9981 10350 10707 10971 10909 10563 10108 9819 9868 10040 10194 10023 9362 8655 8348 8259 8263 8408 8752 9158 9573 10113 10283 10057 9949 9863 9919 10301 10802 11115 11196 11092 11085 11309 11367 11167 10934 10495 9802 8971 8263 7409 6685 6508 6209 5871 5236 4694 4418 4188 3818 3325 2985 2745 2472 2097 1776 1600 1296 847 449 226 
765 765 765 765 765 768 913 1130 1483 1836 1990 2212 2295 2374 2718 3067 3316 3584 3869 4086 4391 5029 5650 6271 6939 7575 8091 8894 9618 9905 10000 10140 10290 10307 10269 10269 10112 10124 10364 10838 11118 10901 10422 9888 9679 9669 9770 9874 9916 9752 9168 8423 8107 7963 7950 8198 8654 9116 9496 9945 10141 9994 9903 9813 9899 10353 10789 10956 11055 11141 11237 11369 11403 11243 10961 10407 9694 8812 8003 7268 6685 6508 6209 5871 5315 4839 4483 4188 3818 3325 2971 2704 2364 1934 1637 1489 1232 822 449 226 
765 765 765 765 765 803 1037 1330 1652 2019 2137 2244 2295 2384 2798 3253 3628 3966 4193 4637 5134 5861 6698 7209 7575 8085 8799 9744 10298 10310 10239 10276 10401 10475 10426 10385 10302 10585 10989 11117 11083 10654 10099 9600 9433 9551 9648 9627 9578 9336 8830 8139 7992 7962 7846 7968 8402 8970 9493 9927 10128 10075 9958 9862 9930 10337 10684 10900 11162 11295 11253 11207 11283 11217 10930 10331 9612 8694 7838 7185 6685 6508 6168 5768 5295 4889 4504 4188 3818 3325 2927 2590 2252 1860 1505 1233 1025 740 449 226 
765 765 765 765 765 816 1125 1521 1808 2153 2270 2290 2382 2531 2963 3458 3834 4279 4683 5431 6268 6820 7282 7627 8057 8709 9401 10097 10545 10607 10526 10555 10589 10608 10519 10563 10664 10961 11263 11055 10790 10410 9973 9550 9419 9573 9578 9391 9160 8724 8526 8096 7791 7717 7621 7764 8296 9039 9673 10103 10385 10317 10117 10015 10061 10506 10846 10896 11031 11201 11219 11092 11202 11212 10930 10331 9612 8686 7793 7135 6672 6508 6112 5624 5150 4743 4440 4188 3818 3308 2847 2443 2151 1821 1450 1125 939 705 449 226 
765 765 765 765 765 816 1140 1565 1844 2177 2295 2306 2566 2871 3242 3690 4106 4926 5713 6350 7099 7565 7857 7959 8412 9344 10007 10464 10756 10701 10602 10680 10696 10741 10697 10859 11029 11087 11146 10834 10322 9997 9895 9757 9652 9628 9393 8938 8626 8163 8031 7764 7458 7314 7301 7604 8260 9213 9955 10259 10528 10397 10165 10076 10102 10583 10959 10892 10895 11062 11108 10928 11114 11278 11026 10360 9565 8638 7686 7014 6639 6508 6112 5624 5114 4622 4247 4012 3742 3276 2757 2298 2072 1809 1450 1125 939 705 449 226 
765 765 765 765 765 816 1170 1663 1930 2195 2295 2333 2718 3148 3472 4053 4752 5745 6627 7082 7506 7886 8277 8550 9072 9956 10546 10908 11030 10872 10754 10742 10659 10906 11170 11337 11401 11309 11083 10647 10151 9932 9937 9916 9749 9331 8762 8254 8232 8068 7685 7247 7060 7031 7227 7756 8500 9404 10116 10341 10592 10511 10314 10236 10290 10678 10928 10917 11023 11162 11169 10987 11187 11421 11127 10333 9486 8630 7701 6972 6583 6458 6088 5624 5103 4528 4029 3789 3643 3265 2757 2290 2037 1746 1413 1115 939 705 449 226 
765 765 765 799 846 901 1257 1853 2138 2260 2360 2559 2999 3401 3756 4666 5686 6629 7433 7789 7985 8188 8655 9365 10086 10617 10938 11165 11211 11057 10965 11035 11003 11196 11482 11628 11592 11252 10717 10230 9988 9842 9597 9417 9250 8804 8197 7675 7639 7659 7271 6800 6820 7002 7265 7862 8652 9490 10133 10308 10540 10483 10337 10418 10641 10813 10792 10849 11143 11292 11245 11108 11214 11315 10943 10186 9487 8746 7788 6920 6451 6317 5990 5566 5053 4501 4024 3787 3643 3265 2757 2270 1950 1592 1271 962 800 644 449 226 
765 765 765 846 968 1058 1360 1933 2245 2343 2582 2963 3318 3767 4379 5493 6657 7439 7945 8304 8646 8925 9389 9910 10594 11125 11369 11407 11294 11108 11079 11338 11489 11560 11674 11692 11539 11057 10486 10037 9794 9736 9485 8974 8592 8248 7666 7250 7281 7213 6896 6588 6721 7015 7319 8018 8816 9475 10024 10267 10512 10389 10224 10409 10714 10744 10628 10790 11137 11359 11360 11237 11326 11388 10876 10062 9475 8769 7793 6905 6406 6181 5815 5393 4909 4425 4011 3787 3643 3265 2757 2265 1930 1557 1226 896 726 548 334 168 
765 765 765 846 999 1172 1467 1956 2282 2506 2912 3347 3684 4306 5170 6400 7542 8087 8427 8801 9181 9615 10275 10699 11103 11345 11479 11480 11330 11252 11315 11497 11663 11745 11706 11498 11251 10891 10445 9950 9561 9439 9214 8538 7943 7541 7063 6937 7073 6927 6672 6506 6659 7054 7366 8109 8972 9530 9997 10261 10460 10329 10185 10370 10685 10695 10569 10785 11137 11414 11474 11371 11454 11492 10887 9988 9392 8676 7698 6858 6379 6043 5573 5116 4681 4286 3967 3787 3643 3265 2757 2265 1906 1506 1165 815 617 415 188 95 
765 813 861 921 1041 1292 1679 2149 2402 2642 3185 3738 4254 5256 6498 7418 8015 8457 8923 9366 9789 10218 10974 11429 11597 11436 11359 11473 11477 11435 11470 11587 11810 11808 11495 11124 10861 10625 10338 9819 9207 8766 8408 7732 7028 6828 6717 6717 6679 6442 6318 6349 6588 7086 7274 7902 8911 9639 10129 10330 10423 10359 10318 10414 10724 10875 10722 10848 11137 11414 11474 11371 11413 11406 10808 9853 9181 8519 7604 6810 6378 5996 5384 4870 4504 4188 3933 3787 3643 3265 2757 2265 1847 1381 1036 686 431 233 64 32 
765 877 989 1020 1122 1528 2010 2502 2852 3088 3643 4445 5198 6146 7250 7922 8332 8845 9439 9973 10567 10902 11386 11641 11721 11526 11346 11476 11722 11774 11792 11841 11841 11633 11326 11022 10697 10244 9712 9247 8863 8293 7457 6738 6369 6433 6328 6365 6295 5957 5982 6258 6566 7029 7100 7671 8771 9586 10095 10304 10444 10494 10521 10454 10590 10889 10838 10918 11145 11419 11525 11467 11413 11295 10702 9720 9004 8429 7578 6797 6378 5962 5201 4614 4319 4109 3907 3746 3558 3170 2673 2199 1794 1340 1001 666 388 165 0 0 
765 877 989 1020 1222 1926 2409 2728 3279 3824 4395 5259 6195 6948 7681 8178 8642 9371 10068 10575 11184 11406 11611 11603 11686 11773 11682 11648 11831 12020 12044 11912 11639 11379 11176 10768 10187 9639 9145 8828 8419 7609 6578 5884 5814 6111 5882 5797 5909 5759 5916 6292 6474 6778 6861 7457 8594 9448 10000 10269 10454 10476 10365 10236 10459 10844 10868 10929 11120 11415 11601 11617 11515 11332 10775 9767 8836 8157 7334 6683 6377 5956 5151 4534 4254 4081 3897 3683 3430 3016 2519 2064 1718 1321 987 661 388 165 0 0 
765 877 994 1053 1294 2147 2704 2907 3587 4470 5171 5906 6765 7563 8137 8474 9002 9880 10818 11288 11674 11776 11801 11666 11673 11882 11945 11954 11992 12061 12034 11845 11428 11080 10891 10388 9590 9076 8776 8347 7493 6612 5963 5381 5207 5525 5485 5477 5667 5672 5902 6206 6191 6438 6683 7322 8470 9410 10000 10290 10538 10476 10123 9968 10384 10811 10786 10815 11124 11600 11799 11739 11646 11425 10818 9758 8644 7822 7043 6530 6292 5841 5085 4523 4254 4081 3897 3643 3328 2890 2444 2043 1638 1174 849 538 266 106 0 0 
793 893 1017 1326 1752 2415 2842 3058 3914 5110 5963 6611 7276 7946 8442 8994 9865 10712 11471 11823 12030 11962 11857 11752 11766 12022 12135 12189 12115 11998 11910 11579 11173 10904 10527 9934 9272 8852 8451 7662 6715 6080 5737 5262 4782 4941 5255 5439 5559 5566 5633 5716 5668 6070 6652 7356 8420 9394 10020 10415 10776 10557 10146 10060 10441 10819 10783 10825 11210 11778 11925 11718 11629 11456 10841 9758 8621 7786 7019 6462 6055 5482 4895 4506 4254 4081 3897 3591 3200 2747 2361 2010 1583 1083 741 403 133 45 0 0 
963 988 1061 1667 2327 2803 3281 3715 4593 5803 6577 7061 7639 8322 8960 9885 10935 11593 11926 12082 12229 12154 12085 11999 11915 12094 12187 12237 12138 11957 11766 11305 10925 10615 9932 9267 8840 8414 7801 6818 6095 5703 5417 4965 4467 4633 5121 5447 5471 5325 5244 5302 5331 5890 6810 7665 8582 9433 10038 10456 10778 10554 10298 10313 10520 10758 10802 10954 11316 11808 11907 11672 11587 11387 10730 9703 8621 7786 7016 6433 5919 5279 4797 4500 4250 4065 3908 3551 3035 2575 2263 1961 1552 1022 626 262 55 14 0 0 
905 956 1090 1934 2692 3097 3915 4789 5367 6110 6797 7530 8339 9014 9812 10845 11589 12018 12317 12450 12485 12368 12334 12280 12095 12141 12208 12195 12093 11863 11550 11081 10530 10008 9375 8823 8404 7580 6711 6026 5539 5268 4981 4521 4198 4454 4925 5277 5229 4974 4983 5169 5183 5728 6899 7997 8844 9540 10041 10321 10527 10423 10347 10490 10606 10626 10695 10989 11361 11821 11907 11672 11587 11239 10435 9555 8621 7786 7016 6433 5919 5279 4797 4500 4230 3970 3788 3485 2969 2577 2321 2030 1628 1081 660 266 38 0 0 0 
765 938 1220 2180 2935 3308 4380 5655 6207 6668 7223 8037 9017 9855 10652 11480 11934 12169 12493 12681 12697 12479 12346 12385 12314 12346 12313 12076 11887 11720 11357 10811 10182 9618 8998 8135 7454 6641 5926 5396 4907 4660 4400 4119 4067 4434 4719 4861 4802 4635 4761 5003 5075 5711 7019 8189 9027 9696 10085 10235 10369 10371 10388 10631 10735 10597 10608 10968 11361 11814 11831 11527 11496 11165 10331 9556 8726 7888 7103 6481 5942 5262 4782 4569 4336 4042 3765 3363 2841 2542 2347 2056 1654 1107 686 317 135 69 9 0 
765 1176 1682 2612 3454 4086 5058 6187 6715 7201 7815 8602 9625 10551 11263 11904 12216 12329 12560 12693 12722 12590 12537 12583 12445 12355 12253 11994 11741 11443 10940 10282 9621 9027 8380 7411 6599 5995 5474 4977 4539 4206 3988 3899 3926 4195 4359 4464 4647 4720 4719 4828 4974 5649 6914 8107 9028 9792 10036 10247 10511 10509 10461 10653 10761 10609 10713 11176 11570 11914 11781 11436 11428 11116 10260 9498 8683 7859 7086 6405 5888 5232 4775 4659 4456 4032 3555 3150 2758 2538 2347 2056 1654 1107 686 358 250 154 21 0 
765 1405 2097 3023 4087 5152 5891 6509 7016 7670 8597 9542 10311 11085 11699 12140 12451 12624 12793 12886 12924 12847 12780 12780 12601 12391 12245 11986 11601 11123 10508 9835 9041 8157 7489 6946 6314 5616 5046 4558 4263 4103 3986 3869 3775 3922 4058 4222 4603 4821 4709 4793 5079 5743 6850 8007 8991 9781 10057 10404 10765 10728 10559 10653 10761 10609 10807 11341 11690 11919 11720 11426 11384 11002 10042 9138 8330 7622 6923 6203 5746 5205 4775 4665 4449 3952 3397 3039 2722 2538 2347 2034 1603 1033 623 341 255 208 143 72 
811 1647 2493 3343 4418 5644 6331 6930 7667 8463 9441 10300 10810 11507 12089 12361 12662 12904 13173 13420 13387 13048 12764 12749 12672 12425 12217 11892 11331 10703 10161 9599 8621 7568 6868 6271 5758 5149 4549 4096 3979 3973 3833 3548 3499 3767 3949 4122 4453 4625 4535 4692 5224 6028 6972 8029 8953 9649 10054 10456 10809 10760 10573 10653 10744 10570 10771 11328 11627 11707 11516 11375 11362 10959 9939 8876 8079 7497 6866 6158 5715 5201 4741 4574 4332 3833 3270 2932 2681 2538 2347 1913 1337 692 363 277 255 255 255 138 
968 1983 2982 3793 4785 6001 6750 7429 8353 9425 10343 11011 11364 11857 12408 12635 12886 13133 13443 13705 13536 13069 12771 12782 12658 12317 11977 11620 11143 10370 9562 8915 7934 6970 6318 5546 5013 4493 4069 3822 3633 3434 3141 2870 3048 3483 3744 3958 4304 4476 4312 4399 5022 5935 6921 8051 9043 9752 10209 10614 10911 10789 10573 10653 10725 10523 10735 11370 11721 11692 11415 11338 11287 10812 9864 8803 7956 7380 6821 6158 5715 5201 4683 4420 4134 3692 3183 2862 2635 2496 2311 1840 1208 537 255 255 255 255 255 138 
1055 2192 3349 4437 5495 6356 6987 7754 8936 10224 10933 11521 11974 12201 12665 13007 13199 13405 13714 13848 13469 13051 12757 12671 12484 12078 11730 11362 10714 9743 8710 7874 7016 6156 5625 5007 4546 4173 3872 3699 3429 3044 2675 2517 2863 3433 3786 4021 4303 4414 4283 4383 5041 6021 7018 8134 9296 10137 10542 10838 11046 10825 10573 10653 10761 10609 10802 11412 11821 11825 11460 11324 11249 10740 9799 8757 7824 7121 6658 6138 5715 5201 4634 4253 3885 3549 3158 2861 2581 2374 2208 1806 1208 537 255 255 255 255 255 138 
1336 2466 3656 4981 6127 6914 7643 8512 9630 10699 11274 11811 12400 12627 12977 13290 13551 13798 13923 13888 13507 13076 12670 12427 12176 11742 11352 10878 9937 8908 7800 6812 6100 5389 4911 4504 4190 4087 3858 3620 3325 2885 2566 2472 2845 3464 3862 4048 4193 4267 4245 4379 5287 6522 7391 8143 9292 10208 10576 10862 11123 10985 10746 10786 10868 10716 10875 11426 11809 11806 11433 11217 11107 10635 9664 8628 7740 6998 6502 6048 5693 5201 4623 4183 3730 3367 3002 2803 2561 2320 2097 1658 1123 515 255 255 255 255 255 138 
2035 2978 3973 5298 6619 7606 8459 9590 10525 11173 11608 11962 12487 12774 12980 13205 13542 13816 13920 13900 13441 12913 12516 12141 11834 11574 11112 10392 9368 8469 7417 6430 5803 5113 4503 4328 4203 4000 3675 3331 2973 2623 2534 2552 2882 3484 3853 3946 4058 4164 4178 4335 5362 6627 7415 8219 9370 10233 10571 10862 11208 11192 10951 10928 11012 10904 10999 11437 11718 11667 11383 11218 11058 10512 9450 8402 7610 6929 6401 5956 5644 5153 4580 4199 3791 3401 3015 2864 2658 2412 2138 1648 1152 595 323 280 255 255 255 138 
2326 3635 4894 6041 7330 8389 9194 10362 11137 11527 11991 12384 12692 12845 13000 13205 13543 13817 13939 13935 13415 12890 12529 12070 11687 11385 10874 9989 8728 7676 6898 6207 5630 4983 4454 4378 4201 3773 3410 3141 2940 2801 2851 2889 3147 3763 4120 4061 4011 3985 4046 4326 5410 6702 7645 8588 9565 10259 10571 10862 11242 11327 11125 11072 11224 11209 11236 11596 11819 11768 11583 11446 11124 10403 9234 8094 7311 6777 6372 5953 5587 5034 4464 4142 3792 3480 3152 3022 2816 2570 2296 1806 1339 839 537 370 263 259 255 138 
2129 4064 5885 6918 8029 9146 9928 10963 11692 12009 12367 12706 12913 13045 13274 13551 13817 14054 14082 13923 13413 12944 12612 12120 11494 10773 9921 8920 7991 7202 6406 5742 5271 4839 4480 4302 3975 3469 3188 3166 3230 3169 3160 3248 3437 3976 4315 4242 4143 4006 4119 4490 5631 6948 8057 9178 10029 10448 10634 10902 11299 11516 11428 11388 11551 11571 11603 11939 12131 12074 11908 11736 11304 10491 9288 8089 7295 6871 6562 6103 5630 5120 4576 4158 3707 3406 3132 3022 2793 2502 2159 1660 1251 891 703 567 431 334 255 138 
2386 4476 6534 7838 8867 9753 10552 11436 12007 12335 12690 12935 13116 13296 13575 13866 14042 14206 14123 13875 13515 13061 12632 12037 11200 10339 9460 8560 7791 7168 6519 5788 5273 5122 4966 4544 4108 3650 3330 3276 3343 3325 3312 3466 3600 4016 4315 4368 4444 4442 4692 5027 6085 7464 8583 9664 10542 10920 10961 11140 11490 11658 11543 11454 11629 11829 12008 12334 12415 12317 12185 11993 11439 10474 9335 8257 7568 7213 6910 6408 5844 5300 4679 4258 3848 3561 3348 3271 2999 2554 2015 1492 1136 888 783 740 661 490 338 180 
2890 4993 7141 8578 9483 10375 11275 11886 12178 12458 12871 13157 13333 13510 13823 14157 14252 14269 14120 13878 13583 13071 12464 11748 11038 10402 9672 8876 7860 7063 6804 6402 5973 5803 5532 4985 4551 4179 3816 3558 3444 3474 3431 3550 3732 4164 4450 4547 4761 4963 5481 5812 6601 7821 8888 9985 10934 11343 11364 11428 11625 11807 11767 11682 11817 12061 12276 12604 12616 12504 12401 12128 11449 10368 9304 8346 7701 7319 6959 6508 5992 5456 4833 4439 4050 3791 3617 3537 3241 2701 2059 1563 1285 1091 917 804 750 688 602 313 
3851 5632 7485 9000 10082 11033 11694 11983 12227 12657 13146 13443 13665 13919 14103 14252 14280 14275 14152 13858 13494 12887 12198 11507 10879 10179 9223 8287 7613 7105 6897 6689 6322 5948 5535 5136 4771 4520 4268 3973 3795 3789 3636 3562 3685 4199 4646 4817 5011 5230 5891 6285 6891 7931 8972 10116 11105 11525 11546 11552 11663 11921 11966 11906 11979 12118 12218 12449 12482 12489 12362 11954 11214 10076 9017 8201 7615 7181 6726 6330 5945 5547 5012 4636 4235 4012 3801 3616 3298 2845 2306 1785 1504 1374 1275 1089 879 805 725 375 
4655 6320 8012 9552 10750 11580 12044 12188 12447 12957 13406 13705 13966 14222 14275 14280 14280 14279 14242 13917 13562 12986 12236 11511 10758 9921 9016 8219 7863 7525 7279 7188 6870 6381 5960 5666 5372 5266 5164 4969 4875 4830 4641 4534 4624 5117 5527 5629 5706 5818 6452 6881 7508 8407 9356 10383 11260 11680 11701 11789 12012 12264 12276 12190 12172 12254 12303 12431 12429 12538 12442 11989 11171 9932 8883 8215 7768 7387 6888 6472 6221 5972 5446 4996 4568 4421 4224 3912 3482 3081 2644 2028 1701 1643 1630 1407 1086 890 682 344 
4973 6830 8642 10138 11236 11813 12223 12559 12930 13313 13730 14116 14233 14280 14280 14280 14280 14280 14260 13791 13389 13031 12333 11399 10532 9727 8982 8513 8425 8064 7651 7518 7300 6790 6350 6170 6012 5991 5979 5880 5865 5750 5584 5582 5711 6176 6519 6586 6618 6597 7139 7567 8238 9161 10006 10712 11335 11709 11730 11906 12237 12401 12334 12243 12208 12341 12506 12703 12693 12797 12611 11984 11147 10102 9314 8801 8355 7901 7367 6940 6707 6412 5817 5336 4903 4770 4594 4279 3753 3279 2909 2313 1964 1912 1912 1752 1469 1114 711 346 
5543 7406 9132 10469 11462 11966 12427 12865 13272 13510 13862 14223 14280 14280 14280 14280 14280 14280 14272 13826 13366 13004 12411 11655 10933 10141 9566 9395 9420 9007 8427 7984 7549 7147 6932 6888 6845 6832 6800 6578 6426 6394 6415 6519 6663 7102 7396 7428 7541 7510 7956 8500 9266 10212 10979 11532 12005 12244 12252 12351 12529 12628 12526 12416 12366 12513 12680 12860 12820 12909 12652 11880 11244 10593 9989 9540 9011 8483 7920 7557 7416 7121 6556 6169 5750 5562 5395 5086 4491 3916 3463 2722 2321 2246 2170 1990 1674 1288 873 424 
6150 7998 9632 10669 11469 11998 12486 12951 13425 13698 13993 14242 14280 14280 14280 14280 14280 14262 14234 13860 13413 12975 12432 11826 11219 10626 10344 10247 10098 9705 9302 8685 8156 7927 7854 7821 7773 7661 7518 7306 7205 7241 7354 7579 7753 8134 8422 8385 8477 8560 8928 9446 10218 11159 11905 12377 12712 12861 12861 12922 13012 13063 12886 12669 12537 12622 12745 12882 12820 12909 12675 11942 11506 11084 10437 9866 9342 9006 8526 8118 7987 7811 7387 7131 6748 6455 6217 5901 5328 4676 4043 3301 2929 2739 2497 2214 1856 1537 1147 556 
6860 8524 10003 10858 11580 12102 12558 13028 13510 13916 14188 14279 14280 14280 14280 14280 14280 14209 14098 13776 13453 12958 12313 11667 11115 10708 10599 10434 10184 9886 9655 9193 8838 8694 8586 8450 8266 7993 7699 7596 7650 7737 7862 8154 8347 8694 9014 8979 9040 9145 9502 9999 10721 11552 12219 12676 12930 13005 13005 13066 13156 13203 12996 12734 12566 12622 12745 12882 12820 12909 12675 11942 11539 11240 10797 10353 9937 9747 9339 8827 8596 8527 8205 7985 7646 7338 7017 6727 6208 5494 4611 3912 3576 3396 3167 2783 2191 1817 1482 744 
7289 8838 10254 11091 11840 12392 12864 13213 13555 13917 14122 14206 14265 14280 14280 14280 14280 14191 14051 13818 13554 12955 12231 11574 11084 10893 10825 10435 10117 9878 9617 9373 9192 9132 9016 8853 8664 8439 8133 7994 7984 8042 8144 8424 8613 8972 9292 9292 9378 9463 9764 10224 10948 11661 12213 12693 12975 13030 13030 13091 13181 13157 12914 12761 12699 12770 12873 12970 12917 13038 12837 12136 11736 11447 11144 10794 10345 10133 9838 9425 9210 9141 8819 8600 8297 8132 7852 7512 6938 6336 5546 4808 4487 4432 4243 3621 2749 2237 1777 905 
7117 8765 10320 11214 11969 12422 12895 13274 13599 13894 14013 14102 14218 14252 14255 14255 14255 14174 14046 13917 13638 13026 12406 11950 11486 11272 11179 10665 10363 10114 9755 9624 9494 9449 9388 9290 9141 8967 8758 8681 8654 8745 8851 9045 9203 9488 9631 9657 9857 9902 10128 10543 11284 11997 12524 12944 13180 13195 13195 13256 13346 13265 13005 12987 13040 13046 12986 12995 13012 13218 13110 12511 12103 11727 11388 11061 10557 10272 10054 9789 9664 9595 9273 9054 8791 8713 8545 8253 7750 7284 6583 5844 5536 5485 5194 4481 3704 2894 1951 971 
6510 8431 10245 11230 12052 12464 12923 13375 13679 13832 13883 13911 13980 14062 14097 14097 14097 14068 14017 13918 13644 13149 12671 12479 12329 12115 12061 11905 11595 11046 10517 10432 10311 10182 10075 9840 9601 9494 9418 9411 9411 9563 9677 9739 9752 9941 10071 10040 10316 10475 10764 11104 11617 12244 12718 13057 13260 13254 13236 13303 13411 13401 13204 13198 13259 13242 13201 13340 13422 13588 13494 12953 12545 12123 11742 11472 11026 10749 10536 10213 10000 9917 9649 9482 9293 9222 9070 8805 8406 8039 7522 7021 6809 6751 6399 5634 4688 3483 2270 1163 
5909 8055 10072 11203 12250 12815 13160 13383 13583 13719 13770 13770 13827 13950 14008 14008 14008 13975 13909 13846 13654 13194 12815 12731 12773 12644 12412 12312 12053 11613 11160 10993 10872 10706 10497 10112 9837 9796 9773 9721 9703 9855 9958 9958 9860 10022 10258 10284 10631 10914 11220 11466 11940 12569 12918 13127 13275 13243 13146 13239 13426 13477 13330 13317 13372 13398 13469 13731 13765 13759 13621 13128 12738 12205 11692 11449 11092 10870 10673 10349 10077 10020 9899 9863 9801 9808 9740 9579 9272 8859 8343 7980 7808 7759 7422 6648 5449 4224 3193 1671 
5006 7657 10101 11178 12193 12841 13216 13340 13409 13464 13549 13611 13650 13769 13859 13878 13878 13792 13571 13399 13269 12958 12750 12635 12618 12733 12438 12058 11772 11698 11587 11475 11397 11203 10973 10684 10454 10397 10342 10194 10142 10269 10355 10352 10203 10316 10615 10658 11009 11362 11607 11854 12399 12994 13254 13348 13427 13384 13257 13375 13615 13665 13498 13416 13413 13467 13642 14031 14082 13869 13566 13083 12721 12281 11844 11671 11388 11185 10997 10758 10585 10532 10431 10433 10446 10456 10449 10389 10081 9675 9180 8720 8451 8293 7886 7178 6290 5249 4153 2145 
4024 6901 9547 10907 12107 12631 12970 13175 13260 13270 13366 13461 13479 13554 13643 13683 13694 13606 13350 13131 13005 12887 12811 12753 12842 12985 12758 12373 11976 11809 11765 11761 11753 11658 11575 11410 11152 11020 10980 10914 10891 10940 10948 10783 10695 10952 11211 11128 11355 11781 12098 12357 12917 13505 13750 13758 13759 13743 13698 13796 13938 13977 13868 13705 13614 13666 13880 14307 14364 13992 13551 13165 12895 12632 12377 12323 12117 11914 11786 11688 11621 11549 11389 11325 11193 11013 10930 10788 10340 9883 9402 8816 8497 8342 8120 7659 7134 6276 5037 2586 
3419 6245 8889 10318 11515 12070 12439 12826 13076 13200 13285 13309 13312 13312 13373 13464 13516 13407 13154 13062 13066 13062 13088 13057 13066 13005 12711 12444 12115 11876 11766 11709 11653 11641 11704 11682 11521 11427 11422 11428 11422 11322 11198 10969 10881 11223 11491 11411 11595 12047 12417 12653 13191 13773 14018 14024 14008 13984 13982 14012 14014 14025 13972 13797 13678 13694 13841 14224 14296 13947 13517 13168 12935 12721 12557 12546 12342 12139 12036 11978 11925 11860 11733 11694 11608 11479 11362 11134 10631 10175 9737 9116 8763 8618 8527 8177 7723 7125 6097 3157 
2984 5614 8152 9561 10798 11618 12072 12425 12681 12861 12956 12999 13031 13042 13085 13150 13187 13072 12837 12811 13022 13050 13004 12890 12794 12626 12188 11936 11791 11727 11642 11523 11422 11396 11419 11410 11357 11351 11374 11397 11458 11325 11125 11080 11099 11372 11550 11469 11617 12005 12415 12648 13086 13606 13851 13857 13787 13683 13648 13651 13609 13608 13578 13481 13466 13547 13713 14119 14309 14093 13689 13340 13107 12904 12781 12793 12589 12386 12283 12225 12148 12025 11874 11858 11858 11858 11756 11539 11154 10810 10347 9694 9345 9200 8989 8492 8015 7569 6687 3479 
2739 4931 7105 8575 9933 10978 11497 11802 12010 12163 12269 12469 12607 12649 12649 12649 12649 12562 12532 12743 12935 12857 12590 12422 12413 12301 11838 11542 11505 11602 11512 11307 11177 11190 11216 11216 11266 11377 11465 11493 11607 11568 11418 11418 11424 11519 11531 11493 11558 11804 12296 12723 13198 13618 13825 13831 13793 13738 13704 13640 13512 13457 13419 13299 13279 13452 13716 14189 14447 14351 14018 13681 13448 13226 13033 13005 12801 12598 12495 12437 12343 12179 12001 11985 11985 11985 11883 11742 11438 11089 10669 10120 9771 9626 9425 9017 8541 7886 6820 3545 
2914 4620 6349 7526 8560 9605 10464 11022 11289 11492 11680 11972 12122 12173 12217 12261 12318 12350 12382 12524 12628 12591 12390 12227 12172 12042 11719 11509 11451 11471 11402 11215 11086 11185 11289 11289 11375 11567 11719 11732 11776 11791 11719 11719 11712 11766 11757 11739 11811 12141 12605 12937 13420 13723 13821 13825 13825 13865 13892 13796 13579 13454 13403 13281 13256 13458 13764 14204 14408 14383 14116 13830 13644 13408 13161 13104 12900 12697 12594 12558 12526 12418 12242 12226 12220 12188 11987 11777 11406 10968 10664 10291 9978 9833 9777 9504 8832 7981 6954 3649 
2968 4366 5720 6647 7496 8370 9346 9916 10292 10687 10947 11184 11273 11322 11436 11571 11723 11905 11987 11999 12106 12146 11979 11812 11746 11662 11516 11445 11410 11345 11228 11089 11035 11110 11219 11264 11384 11629 11801 11779 11761 11820 11820 11820 11828 11885 11929 11951 12150 12623 12995 13139 13488 13711 13759 13760 13760 13848 13940 13869 13661 13544 13506 13455 13486 13684 13941 14240 14354 14386 14141 13912 13834 13690 13501 13417 13197 12915 12735 12770 12893 12895 12724 12708 12691 12601 12305 12036 11706 11263 10914 10554 10260 10108 10023 9614 8853 7968 6762 3494 
2742 3921 5048 6012 6989 7605 8078 8400 8827 9365 9751 10007 10166 10242 10414 10701 11046 11198 11255 11268 11245 11161 11123 11170 11233 11204 11160 11187 11192 11104 10934 10792 10768 10755 10811 10902 11028 11282 11378 11284 11382 11477 11477 11477 11477 11537 11679 11814 12055 12454 12739 12883 13250 13495 13554 13554 13554 13604 13650 13608 13536 13542 13515 13515 13586 13781 14007 14238 14288 14319 14157 14038 14025 13946 13759 13586 13297 12916 12645 12760 12942 12964 12817 12795 12763 12698 12585 12462 12212 11753 11203 10666 10257 10031 9814 9302 8618 7556 6074 3114 
2728 3690 4621 5554 6479 6945 7146 7372 7667 8070 8601 9008 9294 9426 9758 10172 10472 10562 10585 10594 10495 10340 10359 10445 10483 10455 10504 10585 10636 10583 10521 10521 10486 10425 10414 10428 10479 10555 10603 10567 10691 10794 10794 10794 10794 10857 11091 11360 11668 12054 12292 12449 12920 13228 13291 13291 13291 13369 13452 13353 13260 13342 13347 13363 13434 13629 13857 14108 14083 13950 13785 13727 13726 13659 13468 13215 12820 12455 12212 12263 12320 12442 12437 12409 12321 12297 12380 12427 12259 11726 11192 10788 10310 9959 9708 9027 7921 6882 5787 3014 
2310 3281 4240 5080 5859 6238 6424 6960 7517 7796 8023 8229 8463 8730 9134 9462 9586 9587 9555 9591 9541 9421 9482 9577 9602 9602 9706 9810 9999 10089 10095 10144 10105 10001 9989 10053 10110 10053 10075 10040 10100 10202 10197 10181 10166 10222 10495 10913 11416 11871 12047 12206 12705 13097 13204 13207 13225 13316 13393 13225 13034 13126 13206 13310 13444 13633 13797 13989 13896 13632 13403 13274 13241 13204 13015 12660 12218 11876 11655 11655 11655 11753 11762 11729 11597 11557 11667 11746 11525 10958 10579 10468 10130 9786 9469 8527 7244 6404 5540 2878 
1789 2640 3540 4429 5144 5467 5725 6399 7043 7273 7329 7455 7833 8233 8458 8528 8581 8609 8647 8763 8806 8729 8752 8809 8824 8824 8877 8930 9119 9328 9406 9418 9394 9273 9246 9360 9446 9389 9406 9347 9384 9486 9466 9404 9342 9362 9607 10093 10720 11179 11293 11452 11907 12303 12486 12596 12771 12902 12982 12973 12894 12956 12994 13138 13367 13596 13670 13776 13713 13435 13149 12955 12934 12928 12736 12326 11796 11417 11165 11116 11064 11013 10974 10936 10866 10864 10912 10904 10549 10004 9684 9626 9470 9255 8948 8208 7321 6174 4902 2505 
1401 2180 3005 3801 4460 4883 5258 5763 6259 6654 6801 6948 7262 7463 7535 7544 7544 7689 7927 8101 8188 8160 8126 8126 8126 8145 8178 8200 8238 8366 8465 8489 8489 8507 8522 8545 8612 8679 8748 8767 8881 8984 8960 8885 8863 8933 9157 9586 10172 10613 10710 10869 11270 11609 11827 12068 12424 12571 12626 12740 12750 12778 12820 13016 13293 13531 13430 13290 13256 13084 12816 12596 12558 12528 12350 11971 11482 11161 10878 10760 10664 10567 10494 10455 10424 10443 10454 10416 10047 9501 9181 9123 9014 8875 8566 7887 7218 6142 4653 2352 
1097 1895 2696 3402 4076 4600 4990 5316 5631 6017 6250 6436 6607 6665 6684 6684 6684 6773 6918 7089 7222 7228 7237 7296 7296 7340 7469 7572 7579 7612 7645 7653 7620 7630 7663 7709 7892 8131 8231 8232 8339 8442 8433 8405 8542 8843 9274 9823 10319 10688 10735 10894 11295 11634 11807 11985 12314 12458 12501 12653 12699 12784 12831 12972 13163 13305 13102 12822 12717 12551 12294 12022 11812 11649 11460 11218 11001 10854 10566 10393 10358 10403 10379 10339 10231 10173 10176 10119 9694 9096 8776 8701 8555 8418 8107 7417 6716 5809 4510 2302 
733 1522 2317 3002 3613 4227 4749 5052 5234 5405 5618 5880 6019 6019 6033 6053 6065 6065 6065 6207 6307 6276 6349 6494 6507 6585 6824 7055 7115 7115 7115 7115 7065 6992 7051 7187 7435 7688 7766 7679 7728 7829 7834 7868 8098 8490 9165 10029 10466 10732 10793 10909 11270 11624 11807 11973 12274 12401 12444 12667 12752 12833 12851 12851 12898 13080 12963 12571 12326 12115 11857 11574 11296 11071 10837 10650 10561 10422 10103 9885 9815 9881 9941 9977 9858 9749 9698 9615 9180 8573 8188 7990 7742 7577 7284 6651 6009 5182 4109 2132 
551 1299 2079 2724 3291 3855 4341 4517 4828 5133 5255 5457 5572 5572 5629 5716 5765 5765 5765 5793 5783 5731 5764 5818 5872 5993 6210 6597 6886 6886 6886 6886 6952 7020 7137 7346 7551 7698 7805 7813 7817 7854 7868 7981 8378 8847 9402 10130 10478 10709 10913 11034 11331 11780 12119 12355 12632 12729 12790 12897 12842 12867 12942 12899 12840 13032 12968 12519 12186 11841 11511 11230 10978 10769 10481 10208 10055 9889 9586 9350 9213 9230 9350 9487 9404 9219 8951 8786 8503 8026 7516 7211 7041 6919 6702 6028 5242 4499 3565 1846 
452 1040 1684 2360 2952 3445 3784 3937 4345 4707 4779 4845 4911 5053 5233 5325 5368 5368 5368 5368 5353 5324 5330 5330 5377 5460 5533 5742 5949 5949 5949 6002 6213 6503 6800 7111 7340 7472 7625 7723 7704 7655 7636 7705 8101 8590 9051 9733 10179 10473 10786 10964 11208 11714 12100 12287 12582 12769 12798 12810 12795 12871 12953 12906 12791 12774 12548 12129 11835 11472 11115 10862 10686 10525 10172 9785 9535 9322 9025 8778 8649 8658 8718 8801 8722 8504 8166 7939 7612 7189 6787 6558 6428 6301 5935 5131 4369 3848 3153 1631 
322 792 1347 1937 2414 2914 3277 3522 3874 4100 4123 4196 4306 4577 4857 4924 4929 4929 4929 4929 4895 4850 4811 4769 4757 4767 4772 4787 4803 4803 4803 4860 5140 5625 6050 6326 6531 6752 6974 7085 7049 6923 6857 6905 7340 7926 8350 9060 9704 10125 10576 10821 11000 11495 11888 12070 12413 12621 12525 12525 12687 12853 12953 12906 12703 12361 11882 11511 11282 11057 10808 10569 10388 10233 9863 9395 9003 8705 8348 8046 7929 7929 7929 7910 7796 7592 7292 7049 6714 6403 6134 5962 5807 5597 5065 4258 3646 3261 2818 1490 
255 711 1224 1597 1946 2407 2804 3029 3320 3627 3698 3850 3984 4125 4352 4464 4504 4571 4591 4591 4591 4590 4503 4385 4336 4336 4336 4336 4336 4336 4336 4336 4495 4759 5001 5136 5234 5402 5581 5803 5919 5888 5898 6054 6588 7274 7744 8471 9175 9637 10135 10393 10617 11175 11605 11865 12341 12592 12533 12589 12725 12797 12813 12716 12509 12127 11573 11086 10789 10675 10489 10199 9935 9747 9354 8819 8369 8054 7627 7259 7142 7134 7074 6974 6842 6728 6523 6300 6042 5810 5549 5377 5195 4912 4436 3820 3258 2851 2478 1324 
255 758 1237 1502 1802 2123 2378 2562 2883 3248 3357 3437 3570 3666 3830 3977 4061 4220 4340 4367 4367 4367 4290 4185 4142 4142 4142 4142 4142 4142 4142 4094 4137 4246 4359 4486 4590 4685 4809 5071 5253 5272 5468 5866 6340 6937 7459 8245 8979 9424 9922 10180 10404 10963 11393 11685 12181 12422 12402 12498 12638 12663 12602 12458 12251 11887 11348 10698 10261 10267 10170 9868 9541 9293 8863 8363 7935 7639 7257 6934 6844 6827 6707 6541 6400 6314 6062 5786 5490 5185 4925 4798 4622 4417 4124 3617 3091 2620 2121 1119 
217 760 1194 1411 1709 1927 2088 2287 2550 2727 2770 2789 2901 2990 3178 3440 3535 3668 3872 3968 4061 4127 4138 4140 4141 4141 4141 4131 4113 4110 4133 4060 4010 4088 4212 4395 4535 4613 4737 4954 5100 5133 5464 5924 6174 6624 7204 8068 8836 9271 9809 10112 10316 10835 11219 11478 11895 12046 11987 12141 12347 12422 12403 12316 12140 11842 11414 10697 10163 10166 10036 9697 9354 9084 8640 8123 7584 7256 6954 6737 6731 6714 6594 6377 6148 5998 5664 5342 5035 4704 4487 4430 4201 3952 3752 3321 2857 2436 1906 985 
229 687 1070 1338 1583 1653 1721 1892 2099 2236 2300 2354 2383 2404 2542 2814 2929 3025 3324 3562 3774 3907 3977 4043 4070 4073 4077 4016 3905 3882 3973 4045 3995 3999 4141 4277 4351 4389 4513 4783 5008 5041 5426 5884 6001 6442 7202 7974 8591 9111 9682 10092 10332 10782 11069 11252 11562 11612 11488 11717 12025 12062 11939 11896 11837 11580 11221 10590 10014 9854 9676 9418 9121 8793 8311 7757 7136 6778 6485 6335 6402 6385 6265 6005 5661 5390 5126 4882 4612 4300 4083 4026 3763 3449 3302 3032 2622 2146 1476 700 
255 649 1018 1290 1488 1497 1525 1646 1792 1933 2031 2136 2192 2234 2254 2369 2462 2519 2837 3082 3165 3274 3352 3423 3460 3473 3487 3475 3408 3400 3458 3505 3490 3560 3789 3960 4025 4058 4182 4497 4790 4823 5235 5767 5958 6485 7375 8070 8583 9177 9684 10054 10291 10696 11012 11253 11501 11408 11206 11516 11979 11992 11772 11728 11639 11270 10882 10434 9947 9662 9415 9176 8869 8494 7981 7397 6674 6252 6033 5950 6013 5987 5829 5524 5153 4838 4671 4496 4243 3927 3661 3539 3269 2973 2870 2614 2118 1559 1021 488 
204 590 969 1205 1369 1378 1386 1470 1563 1647 1739 1871 1999 2092 2092 2118 2144 2145 2254 2349 2349 2470 2677 2869 2959 2947 2908 2908 2908 2925 2984 3023 3040 3184 3498 3710 3775 3808 3932 4247 4540 4573 4994 5620 5975 6536 7354 7968 8528 9179 9687 10139 10364 10630 11046 11438 11609 11378 11124 11451 11981 12018 11777 11688 11474 11005 10614 10270 9857 9612 9343 8990 8623 8297 7793 7247 6550 6119 5931 5820 5815 5728 5505 5243 4967 4695 4469 4191 3917 3661 3353 3116 2841 2559 2445 2073 1505 992 626 316 
29 454 805 1014 1178 1196 1220 1366 1493 1555 1618 1701 1787 1859 1884 1884 1884 1884 1887 1890 1890 1968 2019 2066 2165 2191 2175 2169 2169 2232 2390 2489 2513 2637 2885 3056 3125 3167 3298 3624 3977 4116 4512 5095 5490 6037 6825 7468 8147 8934 9424 9912 10254 10547 11038 11463 11530 11243 10985 11312 11842 11870 11579 11439 11223 10776 10388 10013 9620 9358 8919 8461 8096 7732 7129 6439 5716 5391 5231 5097 5063 4904 4654 4496 4248 3958 3692 3353 3058 2774 2537 2386 2145 1878 1779 1540 1232 857 436 212 
0 347 615 846 1046 1067 1129 1294 1383 1404 1421 1438 1506 1581 1648 1648 1648 1648 1648 1638 1560 1511 1477 1482 1602 1665 1665 1682 1667 1750 1912 1968 1995 2099 2280 2410 2513 2633 2825 3178 3628 3884 4209 4707 5090 5565 6292 7046 7940 8895 9284 9698 10097 10431 10922 11347 11471 11243 10987 11255 11727 11740 11368 11185 11062 10741 10345 9759 9233 8876 8359 7929 7507 7098 6498 5721 4986 4760 4642 4508 4474 4272 3860 3619 3317 2977 2799 2581 2332 2145 2061 2005 1796 1581 1513 1218 862 674 423 209 
0 244 460 719 911 966 1041 1146 1186 1191 1191 1191 1245 1307 1362 1362 1329 1303 1333 1352 1266 1191 1191 1201 1217 1218 1218 1309 1406 1502 1591 1614 1647 1751 1932 2062 2156 2253 2427 2782 3270 3599 3965 4428 4805 5357 6178 7102 8122 9019 9306 9698 10097 10431 10922 11347 11522 11431 11198 11330 11727 11735 11331 11090 10952 10560 10010 9376 8859 8549 8077 7667 7221 6796 6222 5468 4753 4537 4419 4285 4251 4006 3456 3118 2766 2382 2259 2119 1985 1938 1912 1842 1627 1420 1341 1053 742 627 426 209 
0 127 334 543 607 741 839 931 1031 1062 1062 1062 1075 1090 1104 1104 987 885 962 1038 1066 1062 1062 1054 962 870 869 951 1114 1273 1348 1359 1389 1493 1674 1804 1869 1902 2026 2381 2888 3257 3653 4115 4527 5257 6240 7279 8271 9024 9240 9600 10065 10474 10955 11350 11526 11490 11272 11321 11646 11667 11304 11003 10798 10245 9602 9122 8652 8388 7948 7538 7092 6667 6093 5339 4624 4408 4290 4156 4122 3818 3209 2851 2521 2151 1945 1735 1644 1644 1586 1439 1187 980 930 855 768 688 508 254 
0 72 175 286 456 568 600 655 729 753 753 753 753 753 753 753 710 683 743 803 829 829 829 823 750 677 676 714 835 1055 1209 1250 1280 1384 1566 1709 1785 1818 1942 2297 2804 3173 3569 3979 4387 5169 6197 7264 8182 8853 9077 9446 10047 10601 11039 11358 11526 11490 11272 11279 11524 11564 11189 10784 10471 9920 9317 8936 8537 8313 7906 7496 7050 6625 6051 5297 4582 4366 4248 4114 4080 3747 3110 2751 2401 2010 1760 1519 1428 1428 1383 1254 1036 857 809 781 724 634 486 252 
0 0 0 105 338 423 423 423 423 423 423 423 423 423 423 423 423 427 440 453 459 459 459 459 459 459 459 497 628 833 943 995 1025 1129 1314 1557 1749 1845 2020 2445 2903 3128 3482 3899 4383 5176 6178 7292 8143 8716 8903 9241 9857 10430 10851 11151 11317 11281 11063 11070 11315 11409 11085 10695 10346 9719 9075 8737 8395 8248 7906 7496 7018 6535 5965 5268 4582 4366 4248 4114 4080 3746 3105 2740 2323 1863 1607 1366 1275 1275 1275 1219 1103 998 890 732 617 557 439 228 
0 0 0 104 224 255 255 255 255 255 255 255 255 255 255 255 255 255 255 255 255 255 255 255 255 255 255 293 420 581 638 671 701 805 989 1233 1481 1641 1811 2301 2837 3050 3368 3790 4341 5094 6034 7152 7992 8548 8722 9047 9620 10145 10550 10850 11023 10993 10780 10798 11073 11234 10964 10634 10350 9681 8998 8676 8365 8235 7906 7496 6979 6428 5851 5220 4579 4366 4248 4114 4080 3735 3017 2564 2201 1802 1555 1322 1235 1235 1235 1179 1073 980 840 611 458 424 371 194 
0 0 0 71 153 202 240 255 255 255 255 255 255 255 255 255 255 255 255 255 255 255 255 255 255 255 255 293 409 524 535 541 571 675 856 1024 1213 1377 1556 2114 2792 3117 3429 3821 4404 5171 6168 7291 8081 8661 8938 9251 9709 10168 10550 10850 11022 10986 10839 10942 11272 11437 11123 10671 10333 9664 8904 8560 8316 8216 7896 7495 6971 6400 5734 5098 4553 4366 4248 4114 4080 3730 2973 2423 1970 1500 1269 1111 1062 1062 1062 1006 900 807 718 541 385 304 277 146 
0 0 0 4 10 96 210 255 255 255 255 255 255 255 255 255 255 255 255 255 255 255 255 255 255 255 255 293 407 510 510 510 540 644 825 993 1182 1346 1502 1967 2578 2894 3223 3688 4305 5103 6199 7374 8167 8770 9051 9307 9787 10280 10590 10850 11006 10925 10768 10905 11240 11417 11204 10743 10333 9608 8736 8411 8212 8102 7844 7490 6904 6253 5563 4993 4540 4366 4248 4106 4021 3643 2937 2408 1911 1393 1168 1049 1020 1020 1020 964 846 718 606 445 324 268 255 135 
0 0 0 0 0 36 84 147 218 255 255 255 255 255 255 255 255 255 255 255 255 255 255 255 255 255 255 293 407 510 510 510 540 644 825 993 1182 1346 1493 1918 2458 2761 3103 3529 4151 5076 6240 7364 8164 8775 9051 9313 9861 10388 10682 10947 11061 10926 10701 10805 11131 11301 11119 10658 10266 9599 8769 8420 8082 7943 7652 7212 6683 6133 5516 4976 4540 4366 4248 4096 3943 3505 2843 2375 1901 1393 1168 1049 1020 1020 1020 964 831 655 497 341 266 257 255 135 
0 0 0 0 0 0 0 56 147 194 194 204 233 255 255 255 255 255 255 255 255 255 255 255 255 293 361 423 469 510 510 510 546 675 905 1088 1221 1346 1537 1937 2325 2661 3101 3406 3874 4780 5969 7174 8083 8732 9051 9313 9861 10356 10689 11102 11273 11069 10834 10870 11096 11204 10970 10498 10148 9543 8757 8390 8019 7893 7437 6819 6439 6040 5450 4872 4436 4262 4144 3990 3824 3248 2472 2054 1709 1288 1064 945 916 848 774 721 672 589 458 320 255 249 241 127 
0 0 0 0 0 0 0 9 23 31 31 69 173 255 255 255 255 255 255 255 255 255 255 255 255 305 398 467 489 510 510 510 613 840 1115 1249 1271 1346 1562 1864 2045 2413 2966 3368 3644 4152 5070 6454 7773 8736 9107 9318 9817 10197 10462 10968 11224 10970 10705 10805 11052 11049 10769 10326 9913 9330 8697 8390 8019 7893 7422 6790 6427 6004 5367 4742 4306 4132 4014 3860 3694 3054 2214 1803 1444 1004 840 797 786 689 583 531 528 521 437 320 255 180 83 38 
0 0 0 0 0 0 0 0 0 0 0 21 78 123 123 123 123 123 123 123 123 123 123 123 123 136 159 205 296 378 378 378 455 591 738 890 1050 1192 1301 1421 1565 2093 2688 3087 3328 3690 4316 5415 6852 8103 8625 8949 9310 9593 9909 10295 10447 10356 10192 10438 10753 10662 10403 9965 9403 8830 8427 8255 7976 7859 7342 6688 6326 5871 5203 4619 4262 4111 3993 3839 3673 3033 2193 1781 1379 895 765 765 765 668 562 510 510 510 434 286 170 94 10 0 
0 0 0 0 0 0 0 0 0 0 0 0 0 0 0 0 0 0 0 0 0 0 0 0 0 0 0 38 152 255 255 255 255 255 331 572 865 1022 1024 1065 1276 1914 2423 2674 3013 3467 3991 4848 6072 7277 8025 8528 8784 9108 9542 9855 10025 10087 9969 10132 10218 10068 9985 9619 8947 8322 7938 7765 7766 7804 7234 6553 6151 5615 4947 4454 4213 4101 3983 3829 3663 3023 2183 1771 1369 885 755 755 755 658 552 500 500 500 424 225 30 0 0 0 
0 0 0 0 0 0 0 0 0 0 0 0 0 0 0 0 0 0 0 0 0 0 0 0 0 0 0 38 152 255 255 255 255 255 331 572 865 1020 1020 1060 1274 1788 2170 2456 2888 3353 3719 4279 5310 6568 7599 8394 8730 9090 9495 9678 9788 9916 9853 9975 10003 9748 9599 9183 8478 7973 7678 7452 7479 7573 6990 6207 5568 4975 4561 4248 4031 3926 3744 3523 3384 2799 1961 1540 1168 714 587 587 587 490 384 332 332 332 256 115 9 0 0 0 
0 0 0 0 0 0 0 0 0 0 0 0 0 0 0 0 0 0 0 0 0 0 0 0 0 0 0 15 61 110 179 247 255 255 304 445 624 780 922 1046 1168 1360 1604 2094 2615 3026 3272 3641 4349 5337 6529 7646 8220 8707 8942 8892 8955 9117 9199 9417 9328 8998 8583 7875 7136 6934 6874 6836 6881 6760 6258 5487 4803 4255 3982 3839 3773 3740 3475 2994 2556 2126 1470 1032 803 574 504 483 461 382 297 255 214 169 108 39 0 0 0 0 
0 0 0 0 0 0 0 0 0 0 0 0 0 0 0 0 0 0 0 0 0 0 0 0 0 0 0 0 0 10 102 194 225 247 255 255 305 485 778 964 996 1029 1251 1704 2067 2406 2824 3282 3603 4115 5159 6291 7184 7788 7934 7973 8123 8200 8330 8484 8246 7734 6981 6421 6062 5947 5868 5977 5866 5359 5057 4605 4202 3844 3654 3570 3435 3265 3023 2511 1752 1377 995 587 512 510 483 387 291 270 254 244 146 37 0 0 0 0 0 0 
0 0 0 0 0 0 0 0 0 0 0 0 0 0 0 0 0 0 0 0 0 0 0 0 0 0 0 0 0 2 26 49 133 224 255 255 271 328 433 585 831 988 1081 1111 1342 1859 2279 2647 2949 3401 3978 4629 5692 6428 6788 7077 7162 7211 7389 7136 6750 6280 5539 5111 5007 5046 4864 4724 4446 4028 3929 3813 3660 3582 3553 3453 3031 2489 2035 1704 1224 791 645 531 468 404 346 302 259 247 166 86 46 12 0 0 0 0 0 0 
0 0 0 0 0 0 0 0 0 0 0 0 0 0 0 0 0 0 0 0 0 0 0 0 0 0 0 0 0 0 0 0 61 130 153 153 153 153 170 262 480 611 642 589 710 1041 1257 1426 1664 1972 2174 2402 3007 3449 3716 3930 3967 4046 4217 3994 3756 3540 3139 2865 2798 2880 2744 2550 2336 2139 2137 2165 2140 2166 2190 2097 1800 1414 1063 872 663 384 345 345 295 220 166 166 166 159 84 8 0 0 0 0 0 0 0 0 
